0.0;1.0;3.0
0.01;1.2871287128712872;2.871287128712871
0.02;1.5586707185570043;2.7154200568571705
0.03;1.8120918061809124;2.5342108762390794
0.04;2.0450622710938813;2.3297046491296913
0.05;2.255477956442426;2.104156853485449
0.06;2.441478853258387;1.8600089681596104
0.07;2.601465099083513;1.599862458251259
0.08;2.734110242483801;1.326451434002879
0.09;2.838371669192167;1.0426142670836622
0.1;2.9134981147530032;0.7512644556083619
0.11;2.959034218132514;0.4553610337951104
0.12;2.9748221005069557;0.1578788237444148
0.13;2.960999983050888;-0.13822117456067404
0.14;2.917997886727545;-0.4300209632334286
0.15;2.846530485548715;-0.7146740117883001
0.16;2.747587212247411;-0.9894327330130412
0.17;2.6224197415307993;-1.2516747071661212
0.18;2.4725270008061258;-1.4989274072467338
0.19;2.2996378812687643;-1.7288911953736101
0.2;2.1056918432984193;-1.9394603797034522
0.21;1.892817629037697;-2.128742142607222
0.22;1.663310311660371;-2.295073173773259
0.23;1.4196069250327177;-2.4370338662765305
0.24;1.1642609291139254;-2.553459959187923
0.25;0.8999157754407259;-2.6434515367319955
0.26;0.6292778433341845;-2.706379321065414
0.27;0.35508902101746836;-2.741888223167161
0.28;0.08009920663440817;-2.749898143830602
0.29;-0.1929609977709426;-2.7306020440535077
0.3;-0.4614071308676172;-2.6844613309667458
0.31;-0.7226269940240513;-2.6121986315643406
0.32;-0.9741057991885993;-2.5147880516454806
0.33;-1.2134501033199478;-2.393443041313486
0.34;-1.4384103044072243;-2.2496020108727635
0.35000000000000003;-1.6469014905886143;-2.084911861813902
0.36;-1.8370224522475291;-1.9012096165891488
0.37;-2.007072687036083;-1.7005023478855406
0.38;-2.155567249331324;-1.4849456229524083
0.39;-2.281249318442143;-1.256820691108194
0.4;-2.3831003837158047;-1.0185106527366137
0.41000000000000003;-2.460347969296501;-0.7724758558069637
0.42;-2.5124708464130663;-0.5212287711656569
0.43;-2.5392017064649823;-0.2673086005191587
0.44;-2.5405272935810874;-0.013255871161049981
0.45;-2.5166860204922696;0.238412730888177
0.46;-2.4681631162410413;0.48522904251228116
0.47000000000000003;-2.395683378207736;0.7247973803330547
0.48;-2.3002016239350795;0.9548175427265627
0.49;-2.182890960061805;1.1731066387327433
0.5;-2.045129006127258;1.3776195393454693
0.51;-1.8884822298937733;1.5664677623348466
0.52;-1.7146885679804837;1.737936619132895
0.53;-1.5256385208586083;1.8905004712187559
0.54;-1.3233549244918146;2.0228359636679376
0.55;-1.1099716120049712;2.133833124868435
0.56;-0.8877111876417105;2.2226042436326057
0.5700000000000001;-0.6588621418598515;2.2884904578185905
0.58;-0.42575554067127963;2.3310660118857185
0.59;-0.19074152424030474;2.350140164309749
0.6;0.04383415068383184;2.3457567492413656
0.61;0.27565329268115685;2.31819141997325
0.62;0.5024479551272097;2.2679466244605293
0.63;0.7220223936368938;2.1957443850968397
0.64;0.9322740912342354;2.1025169759734164
0.65;1.1312136523084921;1.9893956107425672
0.66;1.31698337958688;1.8576972727838792
0.67;1.4878743632329385;1.7089098364605853
0.68;1.6423419276029674;1.5446756437002884
0.6900000000000001;1.7790192989831646;1.3667737138019718
0.7000000000000001;1.896729376597388;1.177100776142233
0.71;1.9944945091204074;0.9776513252301922
0.72;2.071544199646957;0.7704969052654964
0.73;2.127320683340106;0.5577648369314859
0.74;2.1614823435972816;0.34161660257175774
0.75;2.173904954311344;0.12422610714062335
0.76;2.1646807574508973;-0.09224196860446641
0.77;2.1341154065251984;-0.3056535092569863
0.78;2.0827228273262373;-0.5139257919896101
0.79;2.0112180674527487;-0.715047598734885
0.8;1.9205082253260002;-0.9070984212674851
0.81;1.8116815675240114;-1.0882665780198864
0.8200000000000001;1.6859949601208146;-1.256866074031968
0.8300000000000001;1.5448597551659582;-1.4113520495485639
0.84;1.3898262873377245;-1.5503346782823362
0.85;1.2225671480291989;-1.672591393085256
0.86;1.044859414574924;-1.7770773345427486
0.87;0.8585660209115337;-1.862933936633902
0.88;0.6656164626219243;-1.9294955828960942
0.89;0.467987033992391;-1.9762942862953332
0.9;0.267680797388968;-2.00306236603423
0.91;0.06670748592628217;-2.009733114626858
0.92;-0.1329364609271323;-1.9964394685341447
0.93;-0.3292875324559869;-1.963510715288546
0.9400000000000001;-0.5204342613711301;-1.911467289151433
0.9500000000000001;-0.7045356339468054;-1.8410137257567525
0.96;-0.8798386203192878;-1.7530298637248238
0.97;-1.0446946600908615;-1.6485603977157377
0.98;-1.1975749503588469;-1.528802902679853
0.99;-1.33708439666023;-1.39509446301383
1.0;-1.461974101942191;-1.248897052819611
1.01;-1.5711522843803485;-1.0917818243815762
1.02;-1.6636935315034713;-0.925412471231229
1.03;-1.7388463154718754;-0.7515278396840415
1.04;-1.7960387123171084;-0.5719239684523305
1.05;-1.834882286299348;-0.3884357398223957
1.06;-1.8551741190906805;-0.20291832791332765
1.07;-1.8568969820613992;-0.017228629707187693
1.08;-1.8402176683486315;0.1667931371276755
1.09;-1.8054835194414494;0.34734148907182044
1.1;-1.7532171985487794;0.5226632089266984
1.11;-1.6841097798575342;0.6910741869124518
1.12;-1.599012238778504;0.8509754107903021
1.1300000000000001;-1.4989254432668055;1.0008679551169828
1.1400000000000001;-1.3849887601535715;1.13936683113234
1.1500000000000001;-1.2584674030102352;1.2652135714333634
1.16;-1.1207386592741573;1.377287437360779
1.17;-0.9732771440971083;1.47461515177049
1.18;-0.8176392365545142;1.5563790754259412
1.19;-0.6554468604078416;1.6219237614667255
1.2;-0.48837077649620697;1.6707608391163462
1.21;-0.31811355701442806;1.702572194817789
1.22;-0.14639241339866252;1.7172114361576551
1.23;0.02507795071000296;1.7147036410866547
1.24;0.1946022918996717;1.6952434118966877
1.25;0.3605214189003371;1.659191270006654
1.26;0.5212282632683193;1.6070684436798222
1.27;0.6751832748874272;1.5395501161910794
1.28;0.820928996541124;1.457457216536967
1.29;0.9571036813810105;1.361746848398866
1.3;1.0824538279414824;1.2535014656047176
1.31;1.1958455193088655;1.133916913673831
1.32;1.2962744660160879;1.0042894670722222
1.33;1.3828746660626832;0.8660020004659539
1.34;1.4549256100091865;0.7205094394650352
1.35;1.5118579742135545;0.5693236420436797
1.36;1.5532577608098244;0.4139978659626972
1.37;1.578868858817915;0.2561109800809057
1.3800000000000001;1.5885940166594115;0.09725157841496457
1.3900000000000001;1.5824942321791167;-0.06099784480294712
1.4000000000000001;1.5607865818800217;-0.2170765029909493
1.41;1.5238405263177492;-0.36946055562272423
1.42;1.4721727433222542;-0.5166778299549497
1.43;1.4064405547789696;-0.6573218854328466
1.44;1.3274340259759256;-0.7900652880304392
1.45;1.2360668288840413;-0.9136719709188433
1.46;1.1333659720714424;-1.0270085681259875
1.47;1.0204605101572708;-1.1290546191417146
1.48;0.8985693546961379;-1.2189115546113283
1.49;0.7689883160742623;-1.2958103862187544
1.5;0.6330765123290959;-1.359118037451664
1.51;0.49224228572666284;-1.4083422660243303
1.52;0.3479287714101285;-1.4431351431653432
1.53;0.20159926444910317;-1.4632950696102536
1.54;0.05472253216641365;-1.468767322826895
1.55;-0.09124178229334243;-1.4596431445975606
1.56;-0.23485752153772127;-1.4361573924437885
1.57;-0.3747260007743566;-1.3986847923663528
1.58;-0.5094994851593979;-1.347734843850413
1.59;-0.6378940292519201;-1.2839454409252211
1.6;-0.7587015577667744;-1.2080752851485437
1.61;-0.8708010755263651;-1.120995177595907
1.62;-0.9731689042435206;-1.023678287171555
1.6300000000000001;-1.064887854416511;-0.9171895017299039
1.6400000000000001;-1.1451552520688133;-0.8026739765230225
1.6500000000000001;-1.2132897521991242;-0.68134500130311
1.6600000000000001;-1.26873688349449;-0.5544713129536609
1.67;-1.3110732819701547;-0.42336398475664544
1.68;-1.340009584599821;-0.28936302629666333
1.69;-1.3553919675539479;-0.15382382954126855
1.7;-1.3572023272357174;-0.0181035968176968
1.71;-1.3455571157598882;0.11645211475829204
1.72;-1.3207048557267913;0.24852260033097112
1.73;-1.2830223719739546;0.3768248375283666
1.74;-1.2330097903179384;0.5001258165601605
1.75;-1.1712843650118043;0.617254253061341
1.76;-1.0985732076293764;0.7271115738242786
1.77;-1.0157050002445036;0.8286820738487289
1.78;-0.9236007850095354;0.9210421523496825
1.79;-0.8232639304698683;1.0033685453966692
1.8;-0.7157693821091102;1.0749454836075802
1.81;-0.6022523106419329;1.1351707146717736
1.82;-0.48389627641064903;1.1835603423128385
1.83;-0.36192103186075764;1.2197524454989142
1.84;-0.23757008644640215;1.2435094541435543
1.85;-0.11209815943767001;1.2547192700873213
1.86;0.013241354030754576;1.2533951346842458
1.87;0.13720877970215759;1.2396742567140302
1.8800000000000001;0.25859030235006;1.213815226479024
1.8900000000000001;0.37620972772075484;1.1761942537069485
1.9000000000000001;0.4889397555360888;1.1273002781533397
1.9100000000000001;0.5957126567835869;1.067729012474981
1.92;0.6955302554763217;0.9981759869273488
1.93;0.78747312293966;0.9194286746333828
1.94;0.8707089013891072;0.8323577844944721
1.95;0.9444996830084698;0.7379078161936251
1.96;1.008208380819636;0.6370869781116616
1.97;1.061304038248319;0.5309565742868296
1.98;1.1033660353237644;0.4206199707544532
1.99;1.1340871607912968;0.3072112546753235
2.0;1.1532755309493359;0.19188370158038992
2.0100000000000002;1.1608553476310643;0.07579816681728348
2.02;1.1568664993195967;-0.0398884831146762
2.0300000000000002;1.1414630208001277;-0.154034785194689
2.04;1.1149104379016423;-0.2655258289848532
2.05;1.077582034656591;-0.37328403245051234
2.06;1.029954090506475;-0.47627944150115986
2.07;0.9726001449072861;-0.5735394559918885
2.08;0.9061843557505913;-0.6641578915669476
2.09;0.8314540263305907;-0.7473032942000066
2.1;0.7492313830797921;-0.8222264325079858
2.11;0.6604046928999936;-0.8882669017979852
2.12;0.5659188145744506;-0.9448587832554302
2.13;0.46676528341476;-0.9915353115969061
2.14;0.36397203193571226;-1.0279325147904774
2.15;0.2585928519372916;-1.0537917999842066
2.16;0.15169670488997122;-1.0689614704732038
2.17;0.04435698796302062;-1.073397169269506
2.18;-0.06235913758804948;-1.067161255510701
2.19;-0.16740125063279165;-1.0504211304474218
2.2;-0.2697459046312216;-1.0234465399842996
2.21;-0.3684064936927243;-0.9866058906150271
2.22;-0.462442656192304;-0.9403616249957967
2.23;-0.5509691274177067;-0.8852647122540259
2.24;-0.6331639590525835;-0.8219483163487675
2.25;-0.708276030383624;-0.7511207133104051
2.2600000000000002;-0.7756317838759055;-0.6735575349228146
2.27;-0.8346411261071158;-0.5900934223121029
2.2800000000000002;-0.8848024438993327;-0.5016131779221698
2.29;-0.9257066947441086;-0.40904250844775886
2.3000000000000003;-0.9570405401870143;-0.3133384544290574
2.31;-0.9785885006236832;-0.21547960436668906
2.32;-0.9902341198617348;-0.11645619238051559
2.33;-0.9919601377225608;-0.0172601786082595
2.34;-0.9838476787954323;0.08112458927128374
2.35;-0.9660744751171326;0.177732036782997
2.36;-0.9389121499394385;0.27162325177694085
2.37;-0.9027225987740044;0.3618955116543413
2.38;-0.8579535124837329;0.4476908629027146
2.39;-0.8051330952410509;0.5282041724268196
2.4;-0.7448640376221475;0.6026905761890344
2.41;-0.6778168118844;0.6704722573774744
2.42;-0.6047223625214382;0.7309444936296182
2.43;-0.526364270453937;0.7835809206750118
2.44;-0.4435704736499364;0.8279379680400054
2.45;-0.35720463054053053;0.8636584310940585
2.46;-0.26815721527834124;0.8904741526218927
2.47;-0.17733643565955642;0.9082077961878483
2.48;-0.08565906538690256;0.9167737027265386
2.49;0.005958717708664657;0.9161778309556721
2.5;0.09661039683587314;0.9065167912720847
2.5100000000000002;0.18540799600305108;0.8879759916717797
2.52;0.2714906882873555;0.8608269228430442
2.5300000000000002;0.35403305007095043;0.8254236178359491
2.54;0.4322528830243023;0.7821983295335189
2.5500000000000003;0.5054185306709448;0.7316564764664244
2.56;0.572855622096621;0.6743709142567623
2.57;0.6339531817052448;0.6109755960862377
2.58;0.6881690508058105;0.5421586910056567
2.59;0.7350345741647288;0.4686552335891839
2.6;0.7741585123996507;0.3912393823492188
2.61;0.8052301491431412;0.31071636743490466
2.62;0.8280215701847838;0.22791421041642623
2.63;0.8423891002241847;0.14367530039400775
2.64;0.8482738913500846;0.05884791125899928
2.65;0.8457016658178065;-0.025722255322781364
2.66;0.8347816240450776;-0.10920041772728911
2.67;0.8157045369033155;-0.19077087141762067
2.68;0.7887400492688648;-0.2696448763445072
2.69;0.754233229341004;-0.3450681992786076
2.7;0.7126004053595477;-0.41632823981456235
2.71;0.6643243379981104;-0.4827606736143734
2.72;0.6099487828085871;-0.5437555518952322
2.73;0.5500725025931326;-0.5987628021545455
2.74;0.4853427944333445;-0.6472970815978799
2.75;0.416448600270848;-0.6889419416249647
2.7600000000000002;0.34411327337460546;-0.7233532689624252
2.77;0.2690870757211514;-0.7502619765345403
2.7800000000000002;0.19213948323534397;-0.7694759248580747
2.79;0.11405137697973909;-0.7808810625560486
2.8000000000000003;0.03560719873676656;-0.7844417824297253
2.81;-0.04241285099624354;-0.7802004973301009
2.82;-0.11924049577153825;-0.7682764477529471
2.83;-0.1941268718285475;-0.7488637605700924
2.84;-0.26634975038173936;-0.7222287855319185
2.85;-0.3352204246880507;-0.6887067430631134
2.86;-0.4000901970241208;-0.6486977233607013
2.87;-0.46035640530711974;-0.6026620828299893
2.88;-0.5154679342476423;-0.551115289405225
2.89;-0.5649301615724404;-0.49462227324798097
2.9;-0.6083092959378599;-0.433791343654195
2.91;-0.6452360696072073;-0.3692677366934743
2.92;-0.6754087557193611;-0.3017268611215382
2.93;-0.698595486961896;-0.23186731242534855
2.94;-0.7146358596083474;-0.16040372646451379
2.95;-0.7234418141136622;-0.08805954505314756
2.96;-0.7249977907118583;-0.015559765981961723
2.97;-0.7193601656535193;0.05637625058339021
2.98;-0.7066559807873073;0.12704184866212093
2.99;-0.6870809860604903;0.19574994726816997
3.0;-0.6608970211224487;0.2618396493804149
3.0100000000000002;-0.6284287684994131;0.3246825262303562
3.02;-0.5900599167092846;0.38368851790128466
3.0300000000000002;-0.5462287771476793;0.4383113956160526
3.04;-0.49742340355056835;0.4880537359711094
3.0500000000000003;-0.44417626728065085;0.5324713626991745
3.06;-0.3870585455551816;0.5711772172546927
3.0700000000000003;-0.3266740829997151;0.6038446255546643
3.08;-0.26365308954876104;0.6302099345095404
3.09;-0.19864563970079901;0.6500744984796203
3.1;-0.13231503945825443;0.6633060024254457
3.11;-0.0653311279363464;0.6698391152190803
3.12;0.0016364193916451747;0.6696754732799158
3.13;0.06792471952439284;0.6628830013274766
3.14;0.13288417787835693;0.6495945835396408
3.15;0.1958847883488327;0.6300061047047576
3.16;0.25632217704882027;0.6043738869998756
3.17;0.3136233324245622;0.5730115537574194
3.18;0.36725196811911304;0.5362863569455081
3.19;0.41671346912243945;0.49461501003326414
3.2;0.46155937636214445;0.4484590723970497
3.21;0.5013913699028212;0.3983199354067676
3.22;0.5358647162806911;0.34473346377869846
3.23;0.5646911511470901;0.2882643486639895
3.24;0.5876411742707813;0.22950023123691132
3.25;0.6045457399945272;0.16904565723745862
3.2600000000000002;0.6152973323943298;0.10751592399802563
3.27;0.6198504205882499;0.045530881939200636
3.2800000000000002;0.6182212958239307;-0.01629124764319243
3.29;0.6104872980788233;-0.07733997745107475
3.3000000000000003;0.5967854458749662;-0.13701852203857137
3.31;0.5773104887832763;-0.194749570916899
3.3200000000000003;0.5523124076154321;-0.24998081167844222
3.33;0.5220933925223642;-0.30219015093067864
3.34;0.4870043340884122;-0.35089058433951986
3.35;0.44744086698461405;-0.3956346710379812
3.36;0.4038390097829861;-0.4360185720162798
3.37;0.35667044810035453;-0.47168561682631527
3.38;0.3064375113046762;-0.5023293679567828
3.39;0.2536678955534633;-0.5276961575121292
3.4;0.1989091879230202;-0.5475870763044312
3.41;0.14272324781443274;-0.5618594010858744
3.42;0.08568050267905475;-0.5704274513537799
3.43;0.028354215389778954;-0.5732628728927578
3.44;-0.02868521970247211;-0.5703943509225107
3.45;-0.08487589583635959;-0.5619067613388747
3.46;-0.13966987323786836;-0.5479397740150879
3.47;-0.19253846597958132;-0.5286859274171297
3.48;-0.24297728586266762;-0.5043881988308629
3.49;-0.29051099578787515;-0.4753370992520754
3.5;-0.33469772842879475;-0.4418673264091959
3.5100000000000002;-0.3751331297719944;-0.40435401343199645
3.52;-0.41145399120316245;-0.36320861431168017
3.5300000000000002;-0.4433414382518123;-0.3188744704864989
3.54;-0.47052364881233877;-0.27182210560526504
3.5500000000000003;-0.4927780785869953;-0.2225442977465655
3.56;-0.5099331765956949;-0.171550980086996
3.5700000000000003;-0.5218695788162322;-0.11936402220537279
3.58;-0.5285207733037321;-0.06651194487499956
3.59;-0.5298732354368634;-0.013524621331313214
3.6;-0.5259660371980145;0.03907198238848825
3.61;-0.5168899395635304;0.09076097634484129
3.62;-0.5027859821079665;0.14103957455563795
3.63;-0.4838435887647552;0.18942393343211347
3.64;-0.4602982132886573;0.23545375476097918
3.65;-0.43242855228966276;0.27869660998994544
3.66;-0.40055335771353284;0.3187519457612987
3.67;-0.36502788429445837;0.35525473419074455
3.68;-0.32624001076770687;0.3878787352675152
3.69;-0.2846060764761934;0.4163393429151345
3.7;-0.2405664774105742;0.44039599065619195
3.71;-0.19458106766827227;0.45985409742301914
3.72;-0.14712441378808946;0.4745665388018281
3.73;-0.09868095040386796;0.4844346338422149
3.74;-0.049740086158065806;0.48940864245802146
3.75;-7.913088240234234E-4;0.48948777334042376
3.7600000000000002;0.047680661891107874;0.48471970715131296
3.77;0.09520062634281107;0.47519964451703184
3.7800000000000002;0.14130751563813293;0.4610688929532185
3.79;0.18555881676579683;0.44251301127663883
3.8000000000000003;0.22753477019154525;0.4197595342574843
3.81;0.26684230061118186;0.3930753041963661
3.8200000000000003;0.3031186445849688;0.36276343973786923
3.83;0.3360346421373819;0.32915997552413107
3.84;0.36529766305920297;0.29263020921821076
3.85;0.3906541425554694;0.2535647949626638
3.86;0.41189170500171857;0.21237562446249195
3.87;0.428840858859374;0.16949153857655452
3.88;0.4413762502148807;0.12535391355506645
3.89;0.4494174669013736;0.08041216686492908
3.9;0.45292938969095686;0.03511922789583339
3.91;0.45192209156489127;-0.010072981260655742
3.92;0.4464502905334908;-0.05471801031400482
3.93;0.43661236584365376;-0.0983792468983702
3.94;0.4225489516374423;-0.14063414206211444
3.95;0.4044411261695355;-0.18107825467906802
3.96;0.38250821851646405;-0.21932907653071443
3.97;0.3570052582805867;-0.2550296023587731
3.98;0.3282200970739697;-0.28785161206617005
3.99;0.2964702335320324;-0.3174986354193733
4.0;0.26209937622781687;-0.34370857304215496
4.01;0.2254737811124766;-0.3662559511534026
4.0200000000000005;0.1869784019773627;-0.3849537913511389
4.03;0.14701289390321665;-0.3996550807414605
4.04;0.10598751072185207;-0.4102538318136457
4.05;0.06431893815889853;-0.4166857256295356
4.0600000000000005;0.022426104550440557;-0.41892833608457963
4.07;-0.01927398916635387;-0.4170009371679443
4.08;-0.060370379092226034;-0.4109638992587217
4.09;-0.10046214754267149;-0.40091768450445453
4.1;-0.13916229306249203;-0.38700145519820534
4.11;-0.17610142433892334;-0.369391312764313
4.12;-0.21093124318351947;-0.34829818844596105
4.13;-0.24332778418625303;-0.3239654100273357
4.14;-0.27299438137523424;-0.29666597188981225
4.15;-0.29966433521209457;-0.2666995383686028
4.16;-0.3231032564841137;-0.23438921272019142
4.17;-0.34311106708528005;-0.20007810601166343
4.18;-0.35952364127370934;-0.16412574188429252
4.19;-0.3722140747149887;-0.12690433441279364
4.2;-0.3810935724319486;-0.08879497716959878
4.21;-0.3861119506424836;-0.05018378210535042
4.22;-0.3872577513396224;-0.011458006971388171
4.23;-0.384557972313625;0.026997790259974334
4.24;-0.3780774190966609;0.06480553216964044
4.25;-0.3679176889897989;0.10159730106862033
4.26;-0.35421580087419485;0.13701888115603983
4.2700000000000005;-0.33714248787979295;0.17073312994401912
4.28;-0.3169001731538525;0.20242314725940438
4.29;-0.2937206519088238;0.23179521245028675
4.3;-0.26786250560771796;0.25858146301105855
4.3100000000000005;-0.23960827654120012;0.28254229066517855
4.32;-0.20926143314324974;0.3034684339795035
4.33;-0.17714315816366275;0.32118274979586975
4.34;-0.14358899325156016;0.33554164912102574
4.3500000000000005;-0.10894537459352235;0.346436186580378
4.36;-0.07356609498562827;0.3537927960789408
4.37;-0.037808728096766525;0.35757366888861747
4.38;-0.00203105070089582;0.35777677395870705
4.39;0.03341250167819296;0.3544355237908878
4.4;0.0681743109478037;0.3476180926961074
4.41;0.10191695071031132;0.33742639762507626
4.42;0.13431642621071183;0.3239947550040051
4.43;0.16506524921892313;0.30748823008211273
4.44;0.19387531903676675;0.28810069817843603
4.45;0.22048058302436668;0.26605263987599936
4.46;0.24463945248709568;0.2415886946272898
4.47;0.26613695242556895;0.2149749993847329
4.48;0.2847865864990517;0.18649634073482774
4.49;0.3004319015569648;0.15645315057913126
4.5;0.3129477392226514;0.1251583766568661
4.51;0.32224116523597823;0.09293426013326828
4.5200000000000005;0.3282520705438664;0.06010905307888164
4.53;0.33095344143738076;0.027013708935143564
4.54;0.33035129933751994;-0.006021420998608428
4.55;0.3264843140966922;-0.03866985240827765
4.5600000000000005;0.3194230978770935;-0.07061216219598701
4.57;0.3092691897598958;-0.10153908117197659
4.58;0.29615374420069124;-0.13115445559204572
4.59;0.2802359392489967;-0.1591780495169454
4.6000000000000005;0.26170112306663584;-0.18534816182360897
4.61;0.24075871968740092;-0.20942403379234908
4.62;0.21763991713679803;-0.23118802550602888
4.63;0.19259516295662887;-0.25044754180169176
4.64;0.1658914938380789;-0.26703669118549966
4.65;0.13780972744507816;-0.2808176639300075
4.66;0.10864154559611625;-0.2916818184896191
4.67;0.07868649875955874;-0.299550468365575
4.68;0.04824896230000123;-0.30437536459557507
4.69;0.017635075089548237;-0.3061388721045299
4.7;-0.012850309030598764;-0.30485384120147
4.71;-0.04290662688192651;-0.3005631785132774
4.72;-0.07224053933985569;-0.29333912457929184
4.73;-0.10056876415622265;-0.28328224816366954
4.74;-0.1276207811609798;-0.27052017004757156
4.75;-0.15314138432251184;-0.2552060316153204
4.76;-0.17689305691489493;-0.23751672592383088
4.7700000000000005;-0.19865814802700796;-0.21765091112113008
4.78;-0.21824083083081286;-0.1958268280380488
4.79;-0.23546882538080965;-0.17227994549996783
4.8;-0.2501948712186202;-0.1472604583781058
4.8100000000000005;-0.26229793767963444;-0.12103066461014236
4.82;-0.2716841625154937;-0.093862248358593
4.83;-0.2782875122290624;-0.06603349713568675
4.84;-0.28207016033923865;-0.03782648110176288
4.8500000000000005;-0.28302258262318314;-0.009524222839444568
4.86;-0.28116337119517587;0.018592114280073017
4.87;-0.2765387720467016;0.046245991484743176
4.88;-0.26922195336458143;0.07316818682120133
4.89;-0.25931201453709035;0.09909938827491037
4.9;-0.24693274822732605;0.12379266309764297
4.91;-0.23223117021540768;0.14701578011918376
4.92;-0.2153758338648409;0.16855336350566782
4.93;-0.19655494803393478;0.1882088583090613
4.94;-0.17597431901289964;0.2058062902103513
4.95;-0.15385513860580646;0.22119180407093195
4.96;-0.13043164178090422;0.23423496824902235
4.97;-0.10594865837227918;0.24482983408625025
4.98;-0.08065908412242986;0.2528957424984932
4.99;-0.05482129690354509;0.2583778721888477
5.0;-0.02869654424223794;0.2612475266130715
5.01;-0.0025463282979512787;0.2615021594428666
5.0200000000000005;0.023370185788450872;0.2591651408640215
5.03;0.04879871274737923;0.25428526958928355
5.04;0.0734923165408986;0.24693603793519367
5.05;0.09721378250932473;0.2372146596842612
5.0600000000000005;0.11973786977995135;0.22524087270626608
5.07;0.1408534228223544;0.21115553042403065
5.08;0.16036532263837372;0.1951189981601933
5.09;0.1780962598558347;0.17730937217460982
5.1000000000000005;0.1938883139339561;0.1579205407812142
5.11;0.2076043247644332;0.13716010830477088
5.12;0.21912904514347553;0.11524720379042332
5.13;0.22837006487378006;0.09241019730304531
5.14;0.23525849960800455;0.06888434734224486
5.15;0.239749439942801;0.044909403347964755
5.16;0.24182215869069057;0.020727187478895695
5.17;0.24148007667186153;-0.0034208201882904576
5.18;0.2387504897554777;-0.02729586916383823
5.19;0.23368406221692464;-0.0506642753855307
5.2;0.22635409374096194;-0.07329968475962689
5.21;0.21685556956930618;-0.0949852417165575
5.22;0.20530400534420837;-0.11551564225097834
5.23;0.1918341001179312;-0.13469905226277146
5.24;0.1765982127640139;-0.15235887353917285
5.25;0.15976467862385804;-0.16833534140155865
5.26;0.1415159846373289;-0.18248693986529155
5.2700000000000005;0.1220468224265344;-0.19469162210794497
5.28;0.10156203981756426;-0.2048478260897014
5.29;0.08027451208771694;-0.21287527729847308
5.3;0.05840295480977191;-0.21871557277945028
5.3100000000000005;0.036169700526561266;-0.2223325428321064
5.32;0.013798461627079824;-0.22371238899481438
5.33;-0.008487898289506551;-0.22286359916586373
5.34;-0.030469562580290023;-0.21981664290783473
5.3500000000000005;-0.05193190779314208;-0.21462345212852052
5.36;-0.07266757723365755;-0.20735669440515475
5.37;-0.09247846205363666;-0.19810884819979108
5.38;-0.11117757116199582;-0.1869910910835915
5.39;-0.12859077254490592;-0.1741320138291009
5.4;-0.1445583900275406;-0.15967617482634683
5.41;-0.15893664109918346;-0.14378251071642847
5.42;-0.17159890313943196;-0.12662262040248526
5.43;-0.18243679720760445;-0.10837894068172482
5.44;-0.19136108047106629;-0.08924283263461819
5.45;-0.19830234033121594;-0.0694125986014966
5.46;-0.20321148533798575;-0.04909145006769802
5.47;-0.20606003004431245;-0.028485447063266778
5.48;-0.20684017302043478;-0.007801429761223298
5.49;-0.2055646693035219;0.012755037169128894
5.5;-0.202266500580801;0.032981687227209
5.51;-0.19699834837433675;0.052681522064642675
5.5200000000000005;-0.18983187739393315;0.071664709804036
5.53;-0.18085683803319755;0.08975039360735576
5.54;-0.1701799986856059;0.10676839347591635
5.55;-0.1579239201366478;0.12256078548958113
5.5600000000000005;-0.14422558573038582;0.13698334406261972
5.57;-0.12923490230111273;0.149906834292731
5.58;-0.11311308799192042;0.16121814309192303
5.59;-0.09603096404230507;0.17082123949615352
5.6000000000000005;-0.07816716840860369;0.17863795633701388
5.61;-0.05970630967812109;0.184608587304826
5.62;-0.04083708014617672;0.18869229531944368
5.63;-0.021750347142804313;0.1908673300337241
5.64;-0.0026372417222098044;0.1911310542059451
5.65;0.016312736335034363;0.18949978057244166
5.66;0.03491357860621637;0.18600842271182003
5.67;0.052984575126136996;0.18070996519920635
5.68;0.07035205113471052;0.1736747600857353
5.69;0.08685101697354856;0.16498965838838045
5.7;0.10232671565582833;0.15475698682279762
5.71;0.11663605380010703;0.14309338144278694
5.72;0.12964890291523337;0.1301284911512636
5.73;0.14124925943599972;0.11600356520766364
5.74;0.15133625342254067;0.10086993986540957
5.75;0.1598249974347343;0.08488744012193615
5.76;0.16664726875933455;0.0682227132460027
5.7700000000000005;0.17175201988508398;0.0510475112574943
5.78;0.1751057138721123;0.03353693987028307
5.79;0.1766924830288521;0.015867691567397858
5.8;0.17651411107484344;-0.001783719540086489
5.8100000000000005;0.1745898407136978;-0.01924270361145627
5.82;0.17095601025005164;-0.036338304636461434
5.83;0.16566552454099556;-0.05290485709056099
5.84;0.1587871671603361;-0.0687835738065946
5.8500000000000005;0.1504047621580957;-0.08382405002240417
5.86;0.1406161952038171;-0.09788566954278588
5.87;0.12953230519756287;-0.11083890006254216
5.88;0.1172756586052561;-0.12256646592306776
5.89;0.10397921981480131;-0.1329643879045479
5.9;0.08978493170727378;-0.14194288107527528
5.91;0.07484222138588738;-0.14942710321386402
5.92;0.05930644659851582;-0.1553577478737156
5.93;0.04333729882291511;-0.15969147775600712
5.94;0.027097179254766728;-0.16240119568148378
5.95;0.010749564046156783;-0.16347615208609947
5.96;-0.005542624913319968;-0.16292188959476747
5.97;-0.021618627596828432;-0.16076002683508464
5.98;-0.03732141611914544;-0.1570278852231701
5.99;-0.05249921251629945;-0.15177796397154014
6.0;-0.06700693951827076;-0.14507727001971307
6.01;-0.08070759061410106;-0.13700651095830296
6.0200000000000005;-0.09347350664349638;-0.12765916029395333
6.03;-0.10518754720088289;-0.11714040557386504
6.04;-0.11574414629531624;-0.10556599094433342
6.05;-0.1250502429601481;-0.0930609666483186
6.0600000000000005;-0.13302607883661383;-0.07975835876465723
6.07;-0.1396058561515639;-0.06579777314950083
6.08;-0.14473825095694454;-0.05132394805380638
6.09;-0.14838677798250016;-0.036485270255556354
6.1000000000000005;-0.1505300049584711;-0.021432269759709244
6.11;-0.15116161577667525;-0.006316108182041714
6.12;-0.15029032336126674;0.008712924154084962
6.13;-0.14793963459985965;0.023506887614070927
6.140000000000001;-0.14414747112718077;0.037921634726789
6.15;-0.13896565114307116;0.05181819984109611
6.16;-0.13245923877124907;0.06506412371822101
6.17;-0.12470576871230393;0.07753470058945142
6.18;-0.11579435510233543;0.08911413609968497
6.19;-0.10582469454689797;0.09969660555437476
6.2;-0.09490597424897078;0.10918720297927184
6.21;-0.08315569698123129;0.11750277267739498
6.22;-0.07069843535989287;0.12457261621338427
6.23;-0.057664528454014305;0.1303390690587857
6.24;-0.044188734206074984;0.13475794247939318
6.25;-0.030408851443698676;0.13779882762376305
6.26;-0.016464325427051847;0.13944526016646824
6.2700000000000005;-0.0024948509013911126;0.13969474525660736
6.28;0.011361013489375866;0.13855864390766975
6.29;0.024967205821923605;0.1360619233254774
6.3;0.03819148332125876;0.13224277499335152
6.3100000000000005;0.050906693881776155;0.1271521056051739
6.32;0.06299198459633025;0.12085290714554087
6.33;0.07433393595137062;0.1134195135504038
6.34;0.08482761119446634;0.10493675243095717
6.3500000000000005;0.09437751132431887;0.09549900129852529
6.36;0.10289842718234793;0.08520915858029049
6.37;0.11031618122809601;0.07417754045748089
6.38;0.11656825274638029;0.06252071518284286
6.390000000000001;0.12160428145016294;0.050360287037826565
6.4;0.12538644569697585;0.037821642468128976
6.41;0.1278897128156324;0.02503267118656573
6.42;0.1291019603309792;0.01212247515346781
6.43;0.1290239681646792;-7.799216630001108E-4
6.44;0.12766928316671206;-0.01354684997967132
6.45;0.12506395858291575;-0.026053245837962896
6.46;0.1212461722763559;-0.038177863065598484
6.47;0.11626572868296638;-0.04980443593389512
6.48;0.11018345058373946;-0.060822780992269065
6.49;0.10307046780644807;-0.07112982777291386
6.5;0.09500741091995711;-0.08063056886490957
6.51;0.08608351884501599;-0.08923892074941117
6.5200000000000005;0.07639567006938106;-0.09687848775634927
6.53;0.06604734781559023;-0.1034832225379083
6.54;0.055147550061187524;-0.10899797754402704
6.55;0.043809655749291895;-0.11337894311895623
6.5600000000000005;0.032150258848907196;-0.11659396900384694
6.57;0.02028798212725;-0.11862276721657194
6.58;0.008342282579794856;-0.11945699547455142
6.59;-0.0035677395719408787;-0.11910022151735733
6.6000000000000005;-0.015324516558095656;-0.11756776986154777
6.61;-0.02681316192500043;-0.11488645366904773
6.62;-0.037922581477133864;-0.11109419552133434
6.63;-0.048546535672541885;-0.10623954195408015
6.640000000000001;-0.05858464343361376;-0.10038107761071878
6.65;-0.06794331801454023;-0.09358674580926477
6.66;-0.07653662633214527;-0.08593308317605024
6.67;-0.08428706400965374;-0.07750437677508486
6.68;-0.09112623929422002;-0.06839175284566285
6.69;-0.09699545997899635;-0.05869220684776321
6.7;-0.10184621847898284;-0.048507584999864926
6.71;-0.10564057126630627;-0.0379435278732343
6.72;-0.1083514099540888;-0.02710838687782542
6.73;-0.1099626224176944;-0.016112124636055977
6.74;-0.11046914344683169;-0.005065210291372807
6.75;-0.10987689552076137;0.005922479260703329
6.76;-0.10820262138088221;0.01674274139879155
6.7700000000000005;-0.105473611129706;0.02729010251176215
6.78;-0.10172732760250475;0.03746283527201263
6.79;-0.09701093472802325;0.047163928744814954
6.8;-0.09138073450845717;0.05630200219566067
6.8100000000000005;-0.08490151909791198;0.06479215410545187
6.82;-0.07764584523501664;0.07255673862895354
6.83;-0.0696932389822983;0.07952606252718337
6.84;-0.06112933933621779;0.08563899646080515
6.8500000000000005;-0.05204498979221511;0.09084349544002666
6.86;-0.04253528737446777;0.09509702417747344
6.87;-0.03269859896704992;0.09836688407417843
6.88;-0.02263555500953671;0.1006304395751321
6.890000000000001;-0.012448030744577725;0.10187524264958987
6.9;-0.0022381252273452838;0.10209905517232441
6.91;0.007892851772165503;0.10130976999510787
6.92;0.017845375021461673;0.09952523249296169
6.93;0.027522671555205783;0.09677296533744112
6.94;0.036831651573217716;0.09308980018011935
6.95;0.04568379365468282;0.08852142081465107
6.96;0.053995975976384086;0.08312182321701267
6.97;0.06169124583968846;0.07695269863304381
6.98;0.06869952049801271;0.07008274658324254
6.99;0.0749582130260762;0.06258692528063492
7.0;0.08041277777637594;0.05454564750299732
7.01;0.08501717081849076;0.046043930421148245
7.0200000000000005;0.08873422164416395;0.03717050825673185
7.03;0.09153591333647242;0.02801691692308461
7.04;0.09340356933542661;0.01867655998954195
7.05;0.09432794587562456;0.009243765401979492
7.0600000000000005;0.09430923011467575;-1.8715760948808356E-4
7.07;0.09335694490468013;-0.009522852099956097
7.08;0.09148976207394507;-0.018671828307350605
7.09;0.08873522697347526;-0.02754535100469813
7.1000000000000005;0.0851293978940648;-0.03605829079410461
7.11;0.0807164047669845;-0.04412993127080306
7.12;0.07554793231673683;-0.05168472450247674
7.13;0.06968263353117737;-0.05865298785559448
7.140000000000001;0.06318547994615635;-0.06497153585021012
7.15;0.0561270558031043;-0.07058424143052056
7.16;0.048582803623814105;-0.07544252179290196
7.17;0.04063222915299397;-0.07950574470820136
7.18;0.03235807394274637;-0.082741552102476
7.19;0.02384546409158294;-0.08512609851163429
7.2;0.015181043802395553;-0.08664420289187384
7.21;0.00645210248832492;-0.08728941314070633
7.22;-0.0022542958670749647;-0.08706398355399883
7.23;-0.01085217249749985;-0.08597876630424885
7.24;-0.019257474384083897;-0.08405301886584046
7.25;-0.027388887396700933;-0.08131413012617036
7.26;-0.03516861426665146;-0.0777972686995052
7.2700000000000005;-0.042523110036239584;-0.07354495769588125
7.28;-0.04938376812458189;-0.06860658088342306
7.29;-0.05568755070586554;-0.0630378258128365
7.3;-0.06137755771004871;-0.056900070041831625
7.3100000000000005;-0.06640352942003155;-0.05025971709982847
7.32;-0.07072227834654891;-0.04318748926517357
7.33;-0.0742980468050161;-0.03575768458467196
7.34;-0.07710278738958742;-0.028047405845713216
7.3500000000000005;-0.07911636433085024;-0.020135769412628193
7.36;-0.08032667452684462;-0.01210310195994373
7.37;-0.08072968784439505;-0.004030133175504224
7.38;-0.08032940709103512;0.004002807533599288
7.390000000000001;-0.07913774884918336;0.011916582418517624
7.4;-0.07717434713597188;0.01963401713211481
7.41;-0.07446628259679247;0.027080645391794056
7.42;-0.07104774065110205;0.03418541945690426
7.43;-0.06695960267862536;0.0408813797247668
7.44;-0.06224897495658285;0.04710627722042508
7.45;-0.05696866062825777;0.05280314328325086
7.46;-0.05117658049498286;0.05792080133274914
7.47;-0.04493514887297816;0.06241431622004696
7.48;-0.038310611139577684;0.06624537733400472
7.49;-0.03137234990710615;0.06938261232471533
7.5;-0.024192167004588726;0.07180182902517421
7.51;-0.016843548615912182;0.07348618388676542
7.5200000000000005;-0.00940092101706499;0.07442627598847192
7.53;-0.0019389043744730662;0.07462016642591922
7.54;0.0054684279882364914;0.07407332362709557
7.55;0.012748277575194106;0.07279849586957615
7.5600000000000005;0.019829828873417547;0.07081551298223439
7.57;0.02664493086301088;0.06815101989593329
7.58;0.03312874539861803;0.06483814535607149
7.59;0.039220356370519974;0.060916109719019486
7.6000000000000005;0.04486333400239794;0.05642977631877969
7.61;0.05000624914284744;0.05142915140449495
7.62;0.054603132953759334;0.04596883810911902
7.63;0.058613877984823;0.040107450310636714
7.640000000000001;0.06200457724345215;0.0339069925862915
7.65;0.06474779851691218;0.02743221273460028
7.66;0.06682279187165566;0.020749933547434714
7.67;0.06821562893702884;0.013928370653731828
7.68;0.06891927326970497;0.0070364433267613305
7.69;0.06893358178453574;1.430851483077561E-4
7.7;0.06826523792016487;-0.006683438643708731
7.71;0.06692761787702375;-0.013376200431411106
7.72;0.0649405919147353;-0.019870259622884634
7.73;0.06233026331925429;-0.02610328595481006
7.74;0.05912864824135969;-0.032016150778946026
7.75;0.05537330016184662;-0.037553480795130684
7.76;0.0511068832498352;-0.042664169120114205
7.7700000000000005;0.046376699344379976;-0.04730183905455221
7.78;0.0412341737019057;-0.05142525642474278
7.79;0.03573430500933804;-0.05499868692567658
7.8;0.02993508546214889;-0.057992195471891474
7.8100000000000005;0.023896896945504696;-0.06038188516644194
7.82;0.01768188953352525;-0.062150074119794466
7.83;0.011353348635193865;-0.06328540898331385
7.84;0.004975057165210376;-0.06378291469983488
7.8500000000000005;-0.0013893408958149623;-0.06364398061025339
7.86;-0.007676969264198318;-0.06287628368383356
7.87;-0.013826334289684827;-0.061493650254865084
7.88;-0.019777920114031025;-0.05951585824346198
7.890000000000001;-0.025474758354828934;-0.05696838240797908
7.9;-0.030862966926363207;-0.05388208571534276
7.91;-0.035892252968215334;-0.050292860418521226
7.92;-0.040516375257492535;-0.04624122289277197
7.930000000000001;-0.04469356192749478;-0.041771866700022496
7.94;-0.048386879799502014;-0.0369331787200723
7.95;-0.05156455215000915;-0.03177672350507138
7.96;-0.054200222277738894;-0.026356701277297487
7.97;-0.056273160797493706;-0.020729385197548116
7.98;-0.05776841516559259;-0.014952543680988858
7.99;-0.0586769005284074;-0.009084853628148117
8.0;-0.058995431575467536;-0.0031853104706013637
8.01;-0.05872669566586898;0.0026873590959855353
8.02;-0.057879168075515276;0.008475275903537062
8.03;-0.056466970777387694;0.014121972981275831
8.040000000000001;-0.05450967671213872;0.019572940652489705
8.05;-0.05203206202662351;0.02477614685515206
8.06;-0.04906380924862209;0.02968252778001427
8.07;-0.045639164822396695;0.03424644426225394
8.08;-0.04179655484769436;0.03842609974702338
8.09;-0.03757816324058616;0.042183916071081996
8.1;-0.03302947686482967;0.04548686375756496
8.11;-0.028198802464428886;0.04830674400400785
8.120000000000001;-0.023136760459433765;0.05062042004995123
8.13;-0.017895760845978853;0.052409996134549115
8.14;-0.012529466566855389;0.05366294279123465
8.15;-0.007092249789833587;0.05437216777021801
8.16;-0.0016386465473384008;0.05453603242495185
8.17;0.0037771848466898856;0.054158313940282865
8.18;0.009101996277938784;0.053248114312488985
8.19;0.014283968028898697;0.05181971750959912
8.2;0.019273207702830305;0.04989239673931609
8.21;0.024022225125506846;0.04749017422676541
8.22;0.02848637876057761;0.044641536350707646
8.23;0.03262428950064196;0.04137910740064345
8.24;0.03639821806010525;0.03773928559463292
8.25;0.03977440259363222;0.03376184533526969
8.26;0.042723353591246724;0.02948950997614502
8.27;0.045220103553327944;0.024967499620812225
8.28;0.04724440942119719;0.020243058678692506
8.290000000000001;0.048780906226798454;0.01536496805601266
8.3;0.04981921092316804;0.010383046963695856
8.31;0.05035397586092834;0.00534764937760302
8.32;0.050384891879889745;3.09160189614046E-4
8.33;0.04991664148401104;-0.004682503958787059
8.34;0.04895880305755676;-0.009578384264542735
8.35;0.04752570755554702;-0.014330955020097437
8.36;0.0456362495579577;-0.018894579975893208
8.370000000000001;0.04331365501026572;-0.02322594547691978
8.38;0.04058520837878588;-0.027284466314798368
8.39;0.0374819423240654;-0.03103266054720491
8.4;0.034038293335985056;-0.03443648988080342
8.41;0.03029172707713338;-0.03746566258851675
8.42;0.02628233744384327;-0.04009389633290108
8.43;0.02205242357480511;-0.042299138690381585
8.44;0.01764604921363065;-0.04406374361174465
8.45;0.013108588962827902;-0.04537460250802744
8.46;0.008486266051510056;-0.04622322911317844
8.47;0.003825686277418032;-0.046605797740920246
8.48;-8.266272244296961E-4;-0.04652313501847728
8.49;-0.00542469378839349;-0.04598066563963793
8.5;-0.009923525101343846;-0.04498831312950354
8.51;-0.01427956080623188;-0.04356035704888035
8.52;-0.01845108565457417;-0.04171524848342293
8.53;-0.022398624260313332;-0.0394753860573916
8.540000000000001;-0.026085309768368804;-0.03686685508055472
8.55;-0.02947722304596463;-0.033919132775958254
8.56;-0.03254369933025788;-0.03066476284293246
8.57;-0.03525759961836745;-0.027139002881095716
8.58;-0.037595544461858435;-0.023379448434909873
8.59;-0.039538108223118235;-0.019425637612598048
8.6;-0.041069972261760436;-0.015318640386422003
8.61;-0.04218003594099271;-0.011100636792322732
8.620000000000001;-0.042861484772499986;-0.006814488315072733
8.63;-0.043111815449512134;-0.002503306770121519
8.64;-0.042932817947053746;0.0017899750245838559
8.65;-0.04233051529167857;0.006023026553751714
8.66;-0.041315062016141976;0.010154532755365911
8.67;-0.03990060271347068;0.01414459302671298
8.68;-0.03810509248593998;0.01795510227530698
8.69;-0.03595008144396959;0.02155011041970394
8.700000000000001;-0.033460465744553664;0.024896156994159303
8.71;-0.030664207965482904;0.027962577790707592
8.72;-0.027592029887536777;0.03072178077946127
8.73;-0.024277080999594705;0.03314948887942074
8.74;-0.02075458624916102;0.03522494750433684
8.75;-0.017061476731413203;0.03693109517747816
8.76;-0.013236007142242958;0.03825469589170245
8.77;-0.009317363913933379;0.03918643228309579
8.78;-0.005345268005568118;0.0397209590836526
8.790000000000001;-0.0013595763338642161;0.03985691671703902
8.8;0.0026001141958808763;0.03959690529745093
8.81;0.006494856163986108;0.038947419681052316
8.82;0.010286730823852811;0.037918746598667036
8.83;0.013939213350217342;0.036524825263645304
8.84;0.017417520669883044;0.034783073196656994
8.85;0.020688938603513608;0.03271417933630563
8.86;0.02372312528430116;0.03034186680787551
8.870000000000001;0.026492388084246248;0.027692627999450888
8.88;0.028971931568506273;0.024795434842600262
8.89;0.031140074309669603;0.0216814274116333
8.9;0.03297843272359696;0.0183835841392736
8.91;0.0344720704331924;0.014936377095954361
8.92;0.035609612022562215;0.01137541589369814
8.93;0.0363833204078535;0.00773708385291279
8.94;0.036789137418955224;0.004058170111017268
8.950000000000001;0.03682668755451183;3.7550135556608513E-4
8.96;0.03649924523769152;-0.003274423168203067
8.97;0.03581366625828833;-0.0068557897940319
8.98;0.03478028443453974;-0.010333818237485875
8.99;0.03341277486216946;-0.01367509572370282
9.0;0.031727985435444736;-0.016847894267247292
9.01;0.02974573862249506;-0.019822468129496798
9.02;0.02748860575202513;-0.022571328704699314
9.03;0.024981656318371483;-0.025069494336536463
9.040000000000001;0.022252185034374095;-0.027294712839973874
9.05;0.019329419554828423;-0.029227654795456717
9.06;0.016244211955725497;-0.03085207599102927
9.07;0.013028717184774823;-0.032154947709506755
9.08;0.009716061795865491;-0.0331265538890933
9.09;0.006340006343520952;-0.033760554523445396
9.1;0.0029346048427489222;-0.03405401500772029
9.11;-4.661353049733733E-4;-0.03400740147722295
9.120000000000001;-0.0038285895571244237;-0.03362454252151051
9.13;-0.007119845355718292;-0.03291255798593868
9.14;-0.010308020944863525;-0.031881755891452326
9.15;-0.013362570825751246;-0.0305454988088772
9.16;-0.016254574957068283;-0.028920041313170372
9.17;-0.018957008998401307;-0.027024340413330242
9.18;-0.02144499310864785;-0.02487984110246546
9.19;-0.023696017048410293;-0.02251023939762443
9.200000000000001;-0.025690139592250232;-0.019941225438399407
9.21;-0.027410160530782348;-0.017200209385321172
9.22;-0.02884176383100442;-0.01431603300222073
9.23;-0.029973630822996526;-0.011318669919921077
9.24;-0.030797522589097657;-0.008238917661011312
9.25;-0.031308331044751274;-0.005108084556536185
9.26;-0.03150409851525237;-0.001957674705010948
9.27;-0.031386005926488575;0.0011809258876379098
9.28;-0.03095833003735127;0.004276758891373037
9.290000000000001;-0.030228370443776208;0.007299595935750657
9.3;-0.029206347376436775;0.010220230673394334
9.31;-0.027905271593165682;0.013010757832710903
9.32;-0.026340787930588704;0.01564483662576977
9.33;-0.024530994324764084;0.01809793605824618
9.34;-0.02249623833558363;0.02034755989180454
9.35;-0.02025889341228037;0.02237344923303258
9.36;-0.01784311731581892;0.024157760964614472
9.370000000000001;-0.015274595266690567;0.02568522049128353
9.38;-0.012580270512437836;0.026943247542527315
9.39;-0.009788065107113964;0.02792205405323871
9.4;-0.006926593764148607;0.028614713429653573
9.41;-0.004024873684339852;0.029017200798087558
9.42;-0.0011120332718129664;0.029128404125268854
9.43;0.0017829773670434846;0.028950106388564507
9.44;0.0046316712929702335;0.028486939259267485
9.450000000000001;0.007406302196927705;0.027746309039574715
9.46;0.01008013178305463;0.026738295861269253
9.47;0.012627684523942135;0.025475527408875036
9.48;0.015024987390920435;0.023973028669782993
9.49;0.0172497923345532;0.022248049436327674
9.5;0.019281779483352444;0.02031987148799243
9.51;0.021102739239754146;0.018209597564017018
9.52;0.022696731679362224;0.015939924396080794
9.53;0.024050221899970595;0.013534902206083733
9.540000000000001;0.02515219021839502;0.01101968318424423
9.55;0.025994216373088557;0.008420261546935374
9.56;0.026570537156219896;0.005763207831313384
9.57;0.02687807716767449;0.003075400114545934
9.58;0.026916452652603052;3.8375484928562884E-4
9.59;0.0266879486510214;-0.002285040015816511
9.6;0.026197469949940343;-0.004904787010810546
9.61;0.025452466583028997;-0.007450033669113445
9.620000000000001;0.024462834867443217;-0.009896317155857768
9.63;0.023240795199858853;-0.012220396675843653
9.64;0.02180074805175692;-0.014400471481019346
9.65;0.020159109805598995;-0.016416382461579244
9.66;0.01833413025687235;-0.018249795487266476
9.67;0.01634569377044129;-0.019884364864310604
9.68;0.014215106221792303;-0.021305875486489836
9.69;0.011964869973409228;-0.02250236248383076
9.700000000000001;0.00961844923269916;-0.023464207407100677
9.71;0.00720002820989019;-0.024184210228089698
9.72;0.0047342645416645745;-0.024657636682256154
9.73;0.0022460404687514447;-0.024882240729131297
9.74;-2.397857466947379E-4;-0.02485826215446182
9.75;-0.00269862570509002;-0.024588399583952817
9.76;-0.00510640164701515;-0.0240777594192513
9.77;-0.00743977979102998;-0.0233337814401483
9.78;-0.009676393995093872;-0.022366142040638914
9.790000000000001;-0.011795057622928477;-0.021186636278346063
9.8;-0.013775961634418894;-0.019809040114904173
9.81;-0.015600857075157733;-0.0182489544073884
9.82;-0.017253220312768883;-0.01652363237611151
9.83;-0.018718399554831715;-0.014651792420628336
9.84;-0.01998374138306391;-0.012653418282321945
9.85;-0.021038696248808022;-0.010549548657441142
9.86;-0.021874902093615978;-0.008362058448079544
9.870000000000001;-0.022486245483588053;-0.006113433899720739
9.88;-0.022868899874812006;-0.0038265439122395373
9.89;-0.023021340857461343;-0.0015244098264934028
9.9;-0.02294433845555513;7.700240190621106E-4
9.91;-0.022640926785791007;0.0030341166976412116
9.92;-0.02211635160002662;0.005245751857643874
9.93;-0.02137799644976459;0.007383551502620333
9.94;-0.020435288415349067;0.00942708034415524
9.950000000000001;-0.019299584535577764;0.011357038797713017
9.96;-0.017984040253273728;0.01315544282304039
9.97;-0.01650346135739573;0.014805788958779962
9.98;-0.014874141051007657;0.01629320306388073
9.99;-0.013113683905563944;0.017604571454437123
10.0;-0.011240818574376468;0.01872865331187477
