0.0;1.0 1.0
0.1;1.1 0.9
0.2;1.1900000000000002 0.79
0.30000000000000004;1.2690000000000001 0.671
0.4;1.3361 0.5441
0.5;1.3905100000000001 0.41049
0.6000000000000001;1.431559 0.271439
0.7000000000000001;1.4587029 0.12828309999999998
0.8;1.47153121 -0.01758719000000003
0.9;1.469772491 -0.16474031100000003
1.0;1.4532984599 -0.31171756010000007
1.1;1.42212670389 -0.45704740609000005
1.2000000000000002;1.376421963281 -0.599260076479
1.3;1.3164959556331 -0.7369022728071001
1.4000000000000001;1.24280572835239 -0.8685518683704101
1.5;1.1559505415153488 -0.9928324412056491
1.6;1.056667297394784 -1.108427495357184
1.7000000000000002;0.9458245478590656 -1.2140942250966624
1.8;0.8244151253493993 -1.308676679882569
1.9000000000000001;0.6935474573611424 -1.3911181924175091
2.0;0.5544356381193916 -1.4604729381536234
2.1;0.4083883443040292 -1.5159165019655627
2.2;0.2567966941074729 -1.5567553363959656
2.3000000000000003;0.10112116046787634 -1.582435005806713
2.4000000000000004;-0.05712234011279496 -1.5925471218535006
2.5;-0.21637705229814502 -1.5868348878422212
2.6;-0.37506054108236714 -1.5651971826124067
2.7;-0.5315802593436079 -1.5276911285041699
2.8000000000000003;-0.6843493721940248 -1.4745331025698092
2.9000000000000004;-0.8318026824510057 -1.4060981653504068
3.0;-0.9724124989860464 -1.3229178971053062
3.1;-1.104704288696577 -1.2256766472067016
3.2;-1.2272719534172472 -1.115206218337044
3.3000000000000003;-1.3387925752509515 -0.9924790229953192
3.4000000000000004;-1.4380404775504834 -0.858599765470224
3.5;-1.5239004540975059 -0.7147957177151756
3.6;-1.5953800258690234 -0.5624056723054249
3.7;-1.6516205930995658 -0.4028676697185226
3.8000000000000003;-1.691907360071418 -0.23770561040856603
3.9000000000000004;-1.7156779211122746 -0.0685148744014242
4.0;-1.722529408552417 0.10305291770980327
4.1000000000000005;-1.7122241167814367 0.27530585856504497
4.2;-1.6846935309249322 0.44652827024318864
4.3;-1.6400407039006133 0.6149976233356819
4.4;-1.578540941567045 0.7790016937257432
4.5;-1.5006407721944708 0.9368557878824477
4.6000000000000005;-1.406955193406226 1.0869198651018948
4.7;-1.2982632068960367 1.2276153844425173
4.800000000000001;-1.175501668451785 1.357441705132121
4.9;-1.0397574979385729 1.4749918719772994
5.0;-0.8922583107408429 1.5789676217711568
5.1000000000000005;-0.7343615485637273 1.6681934528452411
5.2;-0.5675422032792031 1.7416296077016138
5.300000000000001;-0.39337924250904177 1.7983838280295341
5.4;-0.21354085970608835 1.8377217522804383
5.5;-0.02976868447804451 1.859075838251047
5.6000000000000005;0.1561388993470602 1.8620527066988515
5.7;0.3423441700169454 1.8464388167641455
5.800000000000001;0.5269880516933599 1.8122043997624508
5.9;0.708208491669605 1.7595055945931148
6.0;0.8841590511289165 1.6886847454261544
6.1000000000000005;1.0530275256715318 1.6002688403132628
6.2;1.2130544097028582 1.4949660877461095
6.300000000000001;1.3625510184774692 1.3736606467758237
6.4;1.4999170831550515 1.2374055449280768
6.5;1.623657637647859 1.0874138366125716
6.6000000000000005;1.7323990213091163 0.9250480728477857
6.7;1.8249038285938948 0.751808170716874
6.800000000000001;1.9000846456655822 0.5693177878574845
6.9;1.9570164244513306 0.3793093232909263
7.0;1.9949473567804232 0.18360768084579324
7.1000000000000005;2.0133081248650027 -0.015887054832249087
7.2;2.0117194193817776 -0.21721786731874937
7.300000000000001;1.9899976326499027 -0.41838980925692715
7.4;1.94815865172421 -0.6173895725219174
7.5;1.8864196944720182 -0.8122054376943384
7.6000000000000005;1.8051991507025844 -1.0008474071415403
7.7;1.7051144099884303 -1.1813673222117989
7.800000000000001;1.5869776777672504 -1.351878763210642
7.9;1.4517898014461863 -1.5105765309873669
8.0;1.3007321483474497 -1.6557555111319855
8.1;1.1351565972342512 -1.7858287259667305
8.200000000000001;0.9565737246375782 -1.8993443856901555
8.3;0.7666392860685626 -1.9950017581539132
8.4;0.5671391102531712 -2.0716656867607695
8.5;0.35997254157709424 -2.1283795977860867
8.6;0.14713458179848557 -2.1643768519437963
8.700000000000001;-0.06930310339589407 -2.179090310123645
8.8;-0.28721213440825855 -2.1721599997840557
8.9;-0.5044281343866641 -2.14343878634323
9.0;-0.7187720130209871 -2.0929959729045633
9.1;-0.9280716103114435 -2.0211187716024646
9.200000000000001;-1.1301834874716898 -1.9283116105713203
9.3;-1.323014648528822 -1.8152932618241513
9.4;-1.504543974711237 -1.682991796971269
9.5;-1.672843154408364 -1.5325373995001454
9.600000000000001;-1.8260968943583786 -1.3652530840593091
9.700000000000001;-1.9626222027643094 -1.1826433946234713
9.8;-2.0808865422266565 -0.9863811743470404
9.9;-2.1795246596613604 -0.7782925201243748
10.0;-2.257353911673798 -0.5603400541582387
