0.0;1.0;3.0
0.01;1.3;2.9
0.02;1.59;2.77
0.03;1.867;2.6109999999999998
0.04;2.1281;2.4242999999999997
0.05;2.37053;2.2114899999999995
0.06;2.591679;1.9744369999999996
0.07;2.7891227;1.7152690999999995
0.08;2.96064961;1.4363568299999996
0.09;3.104285293;1.1402918689999995
0.1;3.2183144798999996;0.8298633396999995
0.11;3.3013008138699997;0.5080318917099995
0.12;3.3521040030409996;0.1779018103229995
0.13;3.3698941840732997;-0.15730858998110048
0.14;3.3541633250751897;-0.49429800838843047
0.15;3.3047335242363465;-0.8297143408959495
0.16;3.2217620901467514;-1.1601876933195843
0.17;3.105743320814793;-1.4823639023342594
0.18;2.957506930581367;-1.7929382344157387
0.19;2.778213107139793;-2.0886889274738754
0.2;2.5693442143924057;-2.3665102381878547
0.21;2.3326931905736203;-2.6234446596270953
0.22;2.070348724610911;-2.856713978684457
0.23;1.7846773267424652;-3.063748851145548
0.24;1.4783024416279102;-3.2422165838197947
0.25;1.1540807832459308;-3.390046827982586
0.26;0.8150761004476721;-3.505454906307179
0.27;0.46453060981695415;-3.5869625163519463
0.28;0.10583435818175951;-3.6334155773336416
0.29;-0.25750719955160467;-3.6439990131518174
0.3;-0.6219071008667865;-3.618248293196657
0.31;-0.9837319301864522;-3.5560575831099785
0.32;-1.3393376884974502;-3.4576843900913334
0.33;-1.6851061275065835;-3.3237506212415884
0.34;-2.0174811896307423;-3.15524000849093
0.35000000000000003;-2.3330051904798355;-2.9534918895278555
0.36;-2.628354379432621;-2.720191370479872
0.37;-2.9003735164806086;-2.45735593253661
0.38;-3.1461091097342697;-2.167318580888549
0.39;-3.3628409678231246;-1.8527076699151221
0.4;-3.5481117348146367;-1.5164235731328097
0.41000000000000003;-3.6997540921279177;-1.161612399651346
0.42;-3.815915332093052;-0.7916369904385543
0.43;-3.8950790311369077;-0.41004545722924907
0.44;-3.936083576859833;-0.0205375541155583
0.45;-3.9381373322713884;0.373070803570425
0.46;-3.900830251914346;0.7668845367975639
0.47000000000000003;-3.8241417982345896;1.1569675619889985
0.48;-3.70844504203569;1.5393817418124576
0.49;-3.5545068678544443;1.9102262460160266
0.5;-3.3634842432528416;2.265676932801471
0.51;-3.1369165499726943;2.6020253571267555
0.52;-2.8767140142600187;2.9157170121240252
0.53;-2.585142313047616;3.203388413550027
0.54;-2.2648034716926135;3.4619026448547885
0.55;-1.9186132072071347;3.68838299202405
0.56;-1.5497749080047296;3.8802443127447632
0.5700000000000001;-1.1617504767302533;4.0352218035452365
0.58;-0.7582282963757296;4.151396851218262
0.59;-0.3430886112539034;4.2272196808558355
0.6;0.07963335683168021;4.261528541981226
0.61;0.5057862110298028;4.253565206298059
0.62;0.9311427316596087;4.202986585195078
0.63;1.3514413901791165;4.109872312029117
0.64;1.7624286213820282;3.9747281730112056
0.65;2.159901438683149;3.798485310873003
0.66;2.5397499697704493;3.582495167004688
0.67;2.897999486470918;3.328520170027643
0.68;3.2308515034736827;3.0387202213805513
0.6900000000000001;3.5347235256117377;2.715635071033183
0.7000000000000001;3.806287032715056;2.3621627184720095
0.71;4.042503304562257;1.9815340152005039
0.72;4.240656706082308;1.5772836847442782
0.73;4.398385074556735;1.1532180141360473
0.74;4.51370687597034;0.7133795066803738
0.75;4.585044826638377;0.26200881908333973
0.76;4.611245708546711;-0.19649566358049803
0.77;4.591596142188662;-0.6576202344351691
0.78;4.525834118745145;-1.1167798486540352
0.79;4.414156133879741;-1.5693632605285497
0.8;4.257219807826886;-2.0107788739165238
0.81;4.056141920435234;-2.4365008546992124
0.8200000000000001;3.812491834965313;-2.8421150467427356
0.8300000000000001;3.5282803302910395;-3.223364230239267
0.84;3.2059439072671125;-3.576192263268371
0.85;2.8483246809402756;-3.896786653995082
0.86;2.4586460155407672;-4.18161912208911
0.87;2.040484103331856;-4.427483723643187
0.88;1.5977357309675375;-4.631532133976372
0.89;1.1345825175699003;-4.791305707073126
0.9;0.6554519468625877;-4.904763958830116
0.91;0.16497555097957606;-4.970309153516374
0.92;-0.3320553643720614;-4.986806708614332
0.93;-0.8307360352334947;-4.953601172177126
0.9400000000000001;-1.3260961524512074;-4.870527568653777
0.9500000000000001;-1.8131489093165851;-4.7379179534086555
0.96;-2.2869407046574506;-4.556603062476997
0.97;-2.74260101090515;-4.327908992011252
0.98;-3.1753919101062755;-4.053648890920737
0.99;-3.5807567991983493;-3.7361096999101093
1.0;-3.95436776918936;-3.3780340199902743
1.01;-4.292171171188388;-2.9825972430713383
1.02;-4.590430895495522;-2.5533801259524997
1.03;-4.845768908090772;-2.0943370364029477
1.04;-5.055202611731067;-1.6097601455938704
1.05;-5.216178626290454;-1.1042398844207635
1.06;-5.326602614732531;-0.5826220217917181
1.07;-5.384864816911703;-0.049961760318465
1.08;-5.389860992943549;0.4885247213727053
1.09;-5.3410085208062785;1.0275108206670602
1.1;-5.238257438739573;1.561611672747688
1.11;-5.0820962714648035;2.0854374166216454
1.12;-4.873552529802639;2.593647043768126
1.1300000000000001;-4.614187825425827;3.0810022967483897
1.1400000000000001;-4.306087595750988;3.5424210792909725
1.1500000000000001;-3.9518454878218905;3.973029838866071
1.16;-3.5545425039352834;4.36821438764826
1.17;-3.1177210651704574;4.723668638041788
1.18;-2.6453542013662785;5.035440744558834
1.19;-2.141810126910395;5.299976164695462
1.2;-1.6118125104408487;5.514157177386501
1.21;-1.0603967927021984;5.675338428430586
1.22;-0.4928629498591398;5.781378107700806
1.23;0.08527486091094083;5.83066440268672
1.24;0.6683413011796129;5.822136916595626
1.25;1.2505549928391755;5.755302786477665
1.26;1.826085271486942;5.630247287193747
1.27;2.389110000206317;5.447638760045052
1.28;2.9338738762108223;5.208727760024421
1.29;3.4547466522132644;4.915340372403339
1.3;3.9462806894535984;4.569865707182013
1.31;4.4032672601718;4.175237638236653
1.32;4.820791023995465;3.734910912219473
1.33;5.194282115217412;3.2528318098199263
1.34;5.519565296199405;2.7334035982981852
1.35;5.792905656029223;2.181447068678245
1.36;6.0110503628970475;1.6021565030753224
1.37;6.17126601320458;1.0010514667856176
1.3800000000000001;6.271371159883142;0.3839248654651596
1.3900000000000001;6.309763646429658;-0.24321225052315465
1.4000000000000001;6.2854424213773425;-0.8741886151661205
1.41;6.19802355986073;-1.5027328573038548
1.42;6.047750274130345;-2.122535213289928
1.43;5.835496752801352;-2.7273102407029626
1.44;5.562765728731056;-3.310859915983098
1.45;5.231679737132746;-3.867136488856204
1.46;4.8449660882471255;-4.390304462569478
1.47;4.405935641990178;-4.874801071394191
1.48;3.9184555348507586;-5.315394635593209
1.49;3.386916071291438;-5.707240189078284
1.5;2.8161920523836095;-6.045931796207428
1.51;2.211598872762867;-6.327551001445789
1.52;1.578843772618288;-6.548710888722075
1.53;0.9239726837460804;-6.706595265983904
1.54;0.25331315714769;-6.798992534358512
1.55;-0.42658609628816124;-6.824323850073282
1.56;-1.1090184812954895;-6.7816652404444655
1.57;-1.787185005339936;-6.6707633923149166
1.58;-2.4542613445714276;-6.492044891780923
1.59;-3.10346583374952;-6.24661875732378
1.6;-3.728127709481898;-5.9362721739488284
1.61;-4.321754926876781;-5.563459403000639
1.62;-4.878100867176845;-5.131283910312961
1.6300000000000001;-5.391229258208141;-4.643473823595277
1.6400000000000001;-5.855576640567669;-4.104350897774463
1.6500000000000001;-6.266011730345116;-3.518793233717696
1.6600000000000001;-6.617891053716885;-2.8921920606831844
1.67;-6.907110259785203;-2.230402955311496
1.68;-7.130150555316353;-1.5396919293329754
1.69;-7.284119748249651;-0.82667687380134
1.7;-7.366787435629785;-0.09826489897637491
1.71;-7.376613925527423;0.6384138445866037
1.72;-7.312772541068762;1.376075237139346
1.73;-7.175165017354828;2.1073524912462225
1.74;-6.964429768230206;2.8248689929817052
1.75;-6.681942868932035;3.5213119698047257
1.76;-6.329811671951562;4.189506256697929
1.77;-5.910861046281769;4.822487423893086
1.78;-5.428612303892461;5.413573528521263
1.79;-4.887254951040335;5.956434758910508
1.8;-4.291611475149284;6.445160254014542
1.81;-3.64709544974783;6.874321401529471
1.82;-2.9596633095948826;7.239030946504254
1.83;-2.235760214944457;7.534997277463742
1.84;-1.4822604871980825;7.758573298958188
1.85;-0.7064031573022636;7.906799347677996
1.86;0.08427677746553608;7.977439663408222
1.87;0.8820207438063583;7.969011985661669
1.8800000000000001;1.6789219423725252;7.880809911281033
1.8900000000000001;2.4670029335006287;7.712917717043781
1.9000000000000001;3.238294705205007;7.466217423693718
1.9100000000000001;3.984916447574379;7.142387953173217
1.92;4.699155242891701;6.7438963084157795
1.93;5.3735448737332785;6.27398078412661
1.94;6.000942952145939;5.736626296753282
1.95;6.574605581821268;5.136532001538688
1.96;7.088258781975137;4.4790714433565615
1.97;7.536165926310793;3.7702455651590476
1.98;7.913190482826698;3.0166289725279682
1.99;8.214853380079495;2.2253099242452983
2.0;8.437384372504024;1.4038245862373486
2.0100000000000002;8.577766831127759;0.5600861489869462
2.02;8.633775446026453;-0.2976905341258298
2.0300000000000002;8.60400639261387;-1.161068078728475
2.04;8.487899584741022;-2.0214687179898623
2.05;8.285752712942037;-2.8702586764639646
2.06;7.99872684529564;-3.6988339477581684
2.07;7.628843450519823;-4.498706632287733
2.08;7.17897278729105;-5.261590977339715
2.09;6.652813689557078;-5.97948825606882
2.1;6.054864863950196;-6.644769625024528
2.11;5.390387901447744;-7.250256111419548
2.12;4.665362290305788;-7.789294901564322
2.13;3.886432800149356;-8.2558311305949
2.14;3.060849687089866;-8.644474410609837
2.15;2.1964022460288826;-8.950559379318824
2.16;1.301346308097;-9.170199603921711
2.17;0.3843263477048289;-9.30033423473141
2.18;-0.5457070757683122;-9.338766869501894
2.19;-1.4795837627185016;-9.284196161925063
2.2;-2.408003378911008;-9.136237785653213
2.21;-3.321627157476329;-8.895437447762113
2.22;-4.21117090225254;-8.56327473201448
2.23;-5.067498375453988;-8.142157641789227
2.24;-5.881714139632911;-7.635407804243829
2.25;-6.645254920057294;-7.0472363902805375
2.2600000000000002;-7.349978559085348;-6.382710898274808
2.27;-7.988249648912829;-5.647713042366273
2.2800000000000002;-8.553020953149456;-4.84888807747499
2.29;-9.037909760896955;-3.993585982160044
2.3000000000000003;-9.43726835911296;-3.0897950060703483
2.31;-9.746247859719993;-2.1460681701590523
2.32;-9.960854676735899;-1.1714433841870528
2.33;-10.077999015154605;-0.17535791651346289
2.34;-10.09553480680595;0.8324419850019977
2.35;-10.01229060830575;1.8419954656825928
2.36;-9.828091061737492;2.843224526513168
2.37;-9.543768609086175;3.8260336326869173
2.38;-9.161165245817484;4.780410493595535
2.39;-8.68312419645793;5.696527018177283
2.4;-8.113471494640201;6.5648394378230766
2.41;-7.456987550857893;7.376186587287097
2.42;-6.719368892129184;8.121885342372886
2.43;-5.907180357891895;8.793822231585805
2.44;-5.027798134733315;9.384540267374994
2.45;-4.0893441079958155;9.887320080848326
2.46;-3.100612099910983;10.296254491647908
2.47;-2.0709866507461925;10.606315701639005
2.48;-1.0103550805822918;10.813414366713625
2.49;0.07098635608907067;10.914449874771854
2.5;1.162431343566256;10.907351239162947
2.5100000000000002;2.2531664674825507;10.791108104806321
2.52;3.3322772779631826;10.565791458058067
2.5300000000000002;4.388856423768989;10.232563730261749
2.54;5.4121127967951645;9.79367808788485
2.5500000000000003;6.3914806055836495;9.252466808205334
2.56;7.316727286404183;8.613318747646968
2.57;8.17805916116888;7.881646019006549
2.58;8.966223763069536;7.063840102889661
2.59;9.672607773358502;6.167217726582708
2.6;10.289329546016774;5.199956949246857
2.61;10.80932524094146;4.17102399464518
2.62;11.226427640405978;3.0900914705510343
2.63;11.535436787461082;1.9674487065104365
2.64;11.732181658112125;0.8139050277643283
2.65;11.813572160888558;-0.35931313804688436
2.66;11.77764084708387;-1.5406703541357403
2.67;11.623573811670296;-2.7184344388441275
2.68;11.351730367785883;-3.880791820011157
2.69;10.963651185784768;-5.015964856789745
2.7;10.462054700105792;-6.1123299753682225
2.71;9.85082170256897;-7.158535445378802
2.72;9.13496815803109;-8.1436176156357
2.73;8.32060639646752;-9.057114431438809
2.74;7.414894953323639;-9.88917507108556
2.75;6.425977446215083;-10.630664566417924
2.7600000000000002;5.36291098957329;-11.273262311039431
2.77;4.235584758469347;-11.809553409996761
2.7800000000000002;3.0546294174696706;-12.233111885843696
2.79;1.831318228885301;-12.538574827590663
2.8000000000000003;0.5774607461262344;-12.721706650479193
2.81;-0.694709918921685;-12.779452725091817
2.82;-1.9726551914308668;-12.709981733199648
2.83;-3.2436533647508314;-12.51271621405656
2.84;-4.494924986156487;-12.188350877581478
2.85;-5.713760073914635;-11.738858378965828
2.86;-6.887645911811218;-11.167482371574364
2.87;-8.004394148968654;-10.478717780393243
2.88;-9.052265927007978;-9.678278365496377
2.89;-10.020093763557616;-8.77305177279558
2.9;-10.897398940837174;-7.771042396439817
2.91;-11.674503180481157;-6.6813025023561
2.92;-12.342633430716766;-5.513852184307985
2.93;-12.894018649147565;-4.279588841236308
2.94;-13.321977533271196;-2.990186976321551
2.95;-13.620996230903351;-1.6579892229944315
2.96;-13.786795153202794;-0.29588959990409625
2.97;-13.816384113193203;1.0827899154161833
2.98;-13.708105121651585;2.464428326735504
2.99;-13.461662288978035;3.835238838900662
3.0;-13.07813840508797;5.181405067798465
3.0100000000000002;-12.559997898308122;6.4892189083072624
3.02;-11.911076007477396;7.745218698138075
3.0300000000000002;-11.13655413766359;8.936326298885815
3.04;-10.242921507775009;10.049981712652174
3.0500000000000003;-9.237923336509791;11.074273863429676
3.06;-8.130495950166823;11.998066197080655
3.0700000000000003;-6.930689330458757;12.811115792097338
3.08;-5.649577751249024;13.504184725143213
3.09;-4.299159278734702;14.069142500268116
3.1;-2.8922450287078907;14.499058428141586
3.11;-1.442339185893732;14.788282931012375
3.12;0.03648910720750553;14.932516849601749
3.13;1.5297407921676804;14.928867938880998
3.14;3.0226275860557803;14.77589385966423
3.15;4.500216972022203;14.473631101058652
3.16;5.947580082128068;14.023609403856431
3.17;7.349941022513711;13.428851395643624
3.18;8.692826162078074;12.693857293392254
3.19;9.962211891417299;11.824574677184447
3.2;11.144669359135744;10.828353488042717
3.21;12.227504707940016;9.713886552129143
3.22;13.19889336315293;8.491136081335142
3.23;14.048006971286444;7.171246745019849
3.24;14.76513164578843;5.766446047891205
3.25;15.34177625057755;4.289932883312362
3.2600000000000002;15.770769538908786;2.755755258254607
3.27;16.046345064734247;1.1786783043637286
3.2800000000000002;16.16421289517062;-0.4259562021096963
3.29;16.12161727495965;-2.0423774916267585
3.3000000000000003;15.917379525796974;-3.6545392191227237
3.31;15.551925603884701;-5.246277171702421
3.3200000000000003;15.027297886714459;-6.801469732090892
3.33;14.34715091350537;-8.304199520762339
3.34;13.516730961429136;-9.738914612112875
3.35;12.542839500217848;-11.09058770825579
3.36;11.43378072939227;-12.344871658277574
3.37;10.199293563564513;-13.4882497312168
3.38;8.850468590442834;-14.508179087573252
3.39;7.399650681685508;-15.393225946617536
3.4;5.860328087023754;-16.133191014786085
3.41;4.247008985545146;-16.71922382348846
3.42;2.5750866031963;-17.143924722042975
3.43;0.8606941309920022;-17.401433382362605
3.44;-0.8794492072442583;-17.487502795461804
3.45;-2.6281994867904386;-17.39955787473738
3.46;-4.3681552742641765;-17.136737926058334
3.47;-6.08182906687001;-16.699922398631916
3.48;-7.751821306733202;-16.091739491944914
3.49;-9.360995255927694;-15.316557361271594
3.5;-10.892650992054854;-14.380457835678824
3.5100000000000002;-12.330696775622737;-13.291192736473338
3.52;-13.659816049270072;-12.058123058911065
3.5300000000000002;-14.865628355161178;-10.692141453984057
3.54;-15.934842500559583;-9.20557861846794
3.5500000000000003;-16.855400362406378;-7.612094368411981
3.56;-17.616609799247577;-5.926554332171343
3.5700000000000003;-18.209265232464713;-4.164893352246585
3.58;-18.62575456768937;-2.343966829000114
3.59;-18.860151250589382;-0.4813913722311769
3.6;-18.9082903878125;1.4046237528277614
3.61;-18.767828012529723;3.2954527916090113
3.62;-18.438282733368823;5.172235592861984
3.63;-17.921059174082625;7.016063866198866
3.64;-17.21945278746274;8.808169783607129
3.65;-16.338635809102026;10.530115062353403
3.66;-15.285624302866687;12.163978643263606
3.67;-14.069226438540326;13.692541073550275
3.68;-12.699972331185299;15.099463717404308
3.69;-11.190025959444867;16.36946095052284
3.7;-9.553079864392583;17.488463546467326
3.71;-7.80423350974585;18.443771532906585
3.72;-5.959856356455191;19.224194883881168
3.73;-4.037436868067074;19.820180519526687
3.74;-2.055418816114405;20.223924206333393
3.75;-0.03302639548106567;20.429466087944835
3.7600000000000002;2.0099202133134177;20.43276872749294
3.77;4.053197086062712;20.2317767061616
3.7800000000000002;6.076374756678872;19.82645699755533
3.79;8.059020456434405;19.218819521887443
3.8000000000000003;9.98090240862315;18.412917476244004
3.81;11.822194156247551;17.41482723538169
3.8200000000000003;13.56367687978572;16.232607819756936
3.83;15.186937661761414;14.876240131778363
3.84;16.674561674939252;13.357546365602222
3.85;18.010316311499473;11.690090198108296
3.86;19.179325331310302;9.889058566958347
3.87;20.168231188006136;7.971126033827317
3.88;20.965343791388868;5.9543029150267035
3.89;21.560774082891538;3.8577685358878164
3.9;21.946550936480318;1.7016911275986626
3.91;22.116720049240183;-0.49296396604936943
3.92;22.067423652635245;-2.7046359709733876
3.93;21.796960055537905;-4.911378336236912
3.94;21.305822221914212;-7.091074341790703
3.95;20.59671478773514;-9.221656563982124
3.96;19.674549131336928;-11.28132804275564
3.97;18.546416327061365;-13.248782955889332
3.98;17.22153803147243;-15.10342458859547
3.99;15.711195572612883;-16.825578391742713
4.0;14.028637733438611;-18.396697949004
4.01;12.18896793853821;-19.79956172234786
4.0200000000000005;10.209011766303425;-21.018458516201683
4.03;8.107165914683256;-22.039359692832026
4.04;5.903229945400053;-22.85007628430035
4.05;3.618222316970018;-23.440399278840356
4.0600000000000005;1.2741823890859822;-23.802221510537358
4.07;-1.1060397619677538;-23.929639749445954
4.08;-3.4990037369123494;-23.81903577324918
4.09;-5.880907314237268;-23.469135399557945
4.1;-8.227820854193062;-22.88104466813422
4.11;-10.515925321006485;-22.058262582714914
4.12;-12.721751579277976;-21.006670050614265
4.13;-14.822418584339403;-19.734494892686467
4.14;-16.795868073608048;-18.252253034252526
4.15;-18.6210933770333;-16.57266622689172
4.16;-20.278359999722472;-14.710556889188389
4.17;-21.74941568864131;-12.682720889216142
4.18;-23.017687777562923;-10.507779320352011
4.19;-24.068465709598122;-8.206010542595719
4.2;-24.889066763857695;-5.799163971635906
4.21;-25.468983161021285;-3.3102572952501363
4.22;-25.800008890546298;-0.7633589791480078
4.23;-25.8763447884611;1.8166419099066222
4.24;-25.694680597470438;4.4042763887527325
4.25;-25.254252958595163;6.973744448499776
4.26;-24.556878513745186;9.499169744359293
4.2700000000000005;-23.606961539309257;11.954857595733811
4.28;-22.411475779735877;14.315553749664737
4.29;-20.979920404769402;16.556701327638326
4.3;-19.32425027200557;18.654693368115264
4.3100000000000005;-17.458780935194046;20.587118395315823
4.32;-15.400069095662463;22.332996488835228
4.33;-13.16676944677894;23.873003398401472
4.34;-10.779469106938793;25.189680343079367
4.3500000000000005;-8.260501072630856;26.267627253773245
4.36;-5.633738347253531;27.09367736103633
4.37;-2.9243706111498975;27.657051195761685
4.38;-0.1586654915737289;27.949488256876673
4.39;2.6362833341139384;27.965354806034046
4.4;5.4328188147173435;27.701726472622653
4.41;8.20299146197961;27.158444591150918
4.42;10.9188359210947;26.338145444952957
4.43;13.552650465589997;25.24626185284349
4.44;16.077276650874346;23.890996806284488
4.45;18.466376331502794;22.283269141197053
4.46;20.6947032456225;20.436631508046773
4.47;22.738366396427175;18.367161183484523
4.48;24.575082514775627;16.093324543841806
4.49;26.184414969159807;13.635816292364243
4.5;27.54799659839623;11.017374795448262
4.51;28.64973407794106;8.262575135608639
4.5200000000000005;29.475991591501923;5.397601727814533
4.53;30.015751764283376;2.4500025686643405
4.54;30.26075202114981;-0.5515726077639971
4.55;30.20559476037341;-3.5776478098789783
4.5600000000000005;29.84782997938551;-6.598207285916319
4.57;29.188009250793876;-9.58299028385487
4.58;28.22971022240839;-12.501791208934259
4.59;26.979531101514965;-15.324762231175098
4.6000000000000005;25.447054878397456;-18.022715341326595
4.61;23.644783344264795;-20.56742082916634
4.62;21.58804126134816;-22.93189916359282
4.63;19.294851344988878;-25.090703289727635
4.64;16.785781016016113;-27.02018842422652
4.65;14.08376217359346;-28.698766525828134
4.66;11.213885521010646;-30.10714274318748
4.67;8.203171246691898;-31.228531295288544
4.68;5.080318117163044;-32.048848419957736
4.69;1.87543327516727;-32.55688023167404
4.7;-1.3802547480001346;-32.74442355919077
4.71;-4.6546971039192115;-32.606398084390754
4.72;-7.915336912358287;-32.14092837399883
4.73;-11.12942974975817;-31.349394682763005
4.74;-14.26436921803447;-30.23645170778719
4.75;-17.28801438881319;-28.810014785983743
4.76;-20.169015867411563;-27.081213347102423
4.7700000000000005;-22.877137202121805;-25.064311760361267
4.78;-25.383568378157932;-22.776598040149086
4.79;-27.66122818217284;-20.238241202333292
4.8;-29.68505230240617;-17.47211838411601
4.8100000000000005;-31.43226414081777;-14.503613153875392
4.82;-32.88262545620531;-11.360386739793615
4.83;-34.018664130184675;-8.072124194173083
4.84;-34.825876549601986;-4.670257781154616
4.8500000000000005;-35.29290232771745;-1.1876701261944174
4.86;-35.41166934033689;2.3416201065773277
4.87;-35.17750732967916;5.882787040611017
4.88;-34.589228625618055;9.400537773578932
4.89;-33.64917484826016;12.859460636140739
4.9;-32.36322878464608;16.224378120966755
4.91;-30.74079097254941;19.460700999431364
4.92;-28.794720872606273;22.534780096686305
4.93;-26.541242862937644;25.41425218394693
4.94;-23.99981764454295;28.068376470240697
4.95;-21.192979997518883;30.468358234694993
4.96;-18.146144174049383;32.58765623444688
4.97;-14.887378550604694;34.40227065185182
4.98;-11.447151485419512;35.89100850691229
4.99;-7.858050634728283;37.03572365545424
5.0;-4.154478269182858;37.82152871892707
5.01;-0.372325397290151;38.23697654584536
5.0200000000000005;3.451372257294385;38.27420908557438
5.03;7.278793165851823;37.92907185984494
5.04;11.071700351836316;37.20119254325976
5.05;14.791819606162292;36.09402250807613
5.0600000000000005;18.401221856969904;34.6148405474599
5.07;21.862705911715896;32.77471836176291
5.08;25.14017774789219;30.58844777059132
5.09;28.19902252495132;28.0744299958021
5.1000000000000005;31.00646552453153;25.254527743306966
5.11;33.53191829886223;22.153881190853813
5.12;35.74730641794761;18.80068936096759
5.13;37.627375354044375;15.225958719172827
5.14;39.14997122596166;11.46322118376839
5.15;40.296293344338494;7.548224061172224
5.16;41.051115750455715;3.5185947267383746
5.17;41.40297522312955;-0.5865168483071974
5.18;41.34432353829883;-4.726814370620152
5.19;40.871642101236816;-8.861246724450035
5.2;39.98551742879181;-12.948410934573717
5.21;38.69067633533444;-16.9469626774529
5.22;36.995980067589144;-20.816030310986342
5.23;34.91437703649051;-24.515628317745257
5.24;32.46281420471598;-28.00706602139431
5.25;29.66210760257655;-31.253347441865905
5.26;26.53677285838996;-34.21955820212356
5.2700000000000005;23.114817038177602;-36.87323548796255
5.28;19.427493489381348;-39.184717191780315
5.29;15.509021770203317;-41.12746654071845
5.3;11.396275116131472;-42.678368717738785
5.3100000000000005;7.128438244357593;-43.817996229351934
5.32;2.7466386214223997;-44.53084005378769
5.33;-1.7064453839563694;-44.80550391592993
5.34;-6.186995775549363;-44.6348593775343
5.3500000000000005;-10.650481713302792;-44.01615979997936
5.36;-15.052097693300729;-42.95111162864908
5.37;-19.347208856165636;-41.44590185931901
5.38;-23.491799042097536;-39.511180973702444
5.39;-27.44291713946778;-37.16200106949269
5.4;-31.15911724641705;-34.41770935554591
5.41;-34.60088818197164;-31.301797630904204
5.42;-37.73106794506206;-27.84170881270704
5.43;-40.51523882633276;-24.068602018200835
5.44;-42.92209902815284;-20.01707813556756
5.45;-44.9238068417096;-15.724868232752275
5.46;-46.496293664984826;-11.232487548581314
5.47;-47.61954241984296;-6.582858182082831
5.48;-48.27782823805124;-1.8209039400985354
5.49;-48.4599186320611;3.006878883706589
5.5;-48.159230743690436;7.852870746912699
5.51;-47.37394366899917;12.668793821281742
5.5200000000000005;-46.107064286870994;17.40618818818166
5.53;-44.36644546805283;22.016894616868758
5.54;-42.164756006365955;26.45353916367404
5.55;-39.51940208999855;30.670014764310636
5.5600000000000005;-36.452400613567484;34.621954973310494
5.57;-32.99020511623643;38.26719503466724
5.58;-29.16348561276971;41.566215546290884
5.59;-25.00686405814062;44.48256410756785
5.6000000000000005;-20.558607647383838;46.98325051338192
5.61;-15.860282596045646;49.0391112781203
5.62;-10.956371468233616;50.62513953772487
5.63;-5.8938575144611285;51.720776684548234
5.64;-0.7217798460063047;52.31016243599435
5.65;4.50923639759313;52.38234042059498
5.66;9.747470439652629;51.93141678083567
5.67;14.940612117736196;50.9566697368704
5.68;20.036279091423236;49.46260852509678
5.69;24.982539943932913;47.45898061595446
5.7;29.72843800552836;44.960726621561165
5.71;34.22451066768448;41.98788282100833
5.72;38.42329894978531;38.56543175423988
5.73;42.2798421252093;34.72310185926135
5.74;45.75215231113543;30.495117646740418
5.75;48.80166407580948;25.919902415626876
5.76;51.39365431737217;21.039736008045928
5.7700000000000005;53.49762791817676;15.90037057630871
5.78;55.087664975807634;10.550607784491033
5.79;56.14272575425674;5.04184128691027
5.8;56.64690988294777;-0.5724312885154044
5.8100000000000005;56.58966675409623;-6.237122276810181
5.82;55.96595452641521;-11.896088952219804
5.83;54.77634563119323;-17.492684404861325
5.84;53.0270771907071;-22.97031896798065
5.8500000000000005;50.73004529390903;-28.27302668705136
5.86;47.90274262520389;-33.34603121644226
5.87;44.568139503559664;-38.136305478962655
5.88;40.7545089556634;-42.59311942931862
5.89;36.49519701273154;-46.66857032488496
5.9;31.82833998024304;-50.31809002615812
5.91;26.796530977627228;-53.500924024182424
5.92;21.446438575208987;-56.18057712194515
5.93;15.828380863014472;-58.325220979466046
5.94;9.995858765067867;-59.908059065767496
5.95;4.005052858491117;-60.90764494227428
5.96;-2.0857116357363115;-61.308150228123395
5.97;-8.216526658548652;-61.099579064549765
5.98;-14.326484565003629;-60.2779263986949
5.99;-20.35427720487312;-58.84527794219454
6.0;-26.238804999092576;-56.80985022170723
6.01;-31.9197900212633;-54.185969721797974
6.0200000000000005;-37.338386993443095;-50.99399071967164
6.03;-42.43778606541026;-47.26015202032733
6.04;-47.16380126744299;-43.016373413786305
6.05;-51.46543860882162;-38.29999328704201
6.0600000000000005;-55.29543793752582;-33.153449426159845
6.07;-58.610782880141805;-27.623905632407265
6.08;-61.373173443382534;-21.762827344393084
6.09;-63.549456177821845;-15.625510000054831
6.1000000000000005;-65.11200717782732;-9.270564382272646
6.11;-66.03906361605459;-2.7593636644899133
6.12;-66.31499998250358;3.8445426971155463
6.13;-65.93054571279202;10.476042695365905
6.140000000000001;-64.88294144325543;17.06909726664511
6.15;-63.17603171659092;23.557391410970652
6.16;-60.82029257549385;29.874994582629746
6.17;-57.83279311723088;35.95702384017913
6.18;-54.237090733212966;41.740303151902225
6.19;-50.063060418022744;47.16401222522352
6.2;-45.34665919550039;52.1703182670258
6.21;-40.12962736879781;56.704984186575835
6.22;-34.459128950140226;60.717946923455614
6.23;-28.387334257794663;64.16385981846963
6.24;-21.9709482759477;67.0025932442491
6.25;-15.27068895152279;69.19968807184387
6.26;-8.350720144338403;70.72675696699615
6.2700000000000005;-1.2780444476387878;71.56182898142998
6.28;5.878138450504211;71.68963342619386
6.29;13.047101793123598;71.10181958114345
6.3;20.157283751237944;69.79710940183108
6.3100000000000005;27.13699469142105;67.78138102670728
6.32;33.91513279409178;65.06768155756518
6.33;40.4219009498483;61.676168278156
6.34;46.5895177776639;57.633978183171166
6.3500000000000005;52.35291559598102;52.975026405404776
6.36;57.650418236521496;47.73973484580667
6.37;62.42439172110216;41.974693022154526
6.38;66.62186102331762;35.73225385004431
6.390000000000001;70.19508640832206;29.070067747712546
6.4;73.10209318309332;22.05055910688034
6.41;75.30714909378135;14.740349788571006
6.42;76.78118407263845;7.209634879192871
6.43;77.50214756055775;-0.4684835280709745
6.44;77.45529920775064;-8.218698284126749
6.45;76.63342937933797;-15.964228204901813
6.46;75.03700655884779;-23.62757114283561
6.47;72.67424944456423;-31.13127179872039
6.48;69.56112226469219;-38.398696743176814
6.49;65.7212525903745;-45.35480896964603
6.5;61.185771693409905;-51.92693422868348
6.51;55.99307827054156;-58.04551139802447
6.5200000000000005;50.18852713073911;-63.64481922507863
6.53;43.82404520823125;-68.66367193815253
6.54;36.95767801441599;-73.04607645897566
6.55;29.653070368518424;-76.74184426041727
6.5600000000000005;21.978885942476698;-79.7071512972691
6.57;14.008170812749785;-81.90503989151678
6.58;5.817666823598108;-83.30585697279176
6.59;-2.512918873681068;-83.88762365515157
6.6000000000000005;-10.901681239196225;-83.63633176778346
6.61;-19.265314415974572;-82.54616364386384
6.62;-27.51993078036096;-80.61963220226637
6.63;-35.581894000587596;-77.86763912423028
6.640000000000001;-43.36865791301062;-74.30944972417151
6.65;-50.799602885427774;-69.97258393287045
6.66;-57.79686127871482;-64.89262364432767
6.67;-64.28612364314759;-59.112937516456185
6.68;-70.1974173947932;-52.684325152141426
6.69;-75.46584991000735;-45.664583412662104
6.7;-80.03230825127356;-38.11799842166137
6.71;-83.8441080934397;-30.114767596534012
6.72;-86.8555848530931;-21.73035678719004
6.73;-89.02862053181211;-13.044798301880729
6.74;-90.33310036200018;-4.141936248699517
6.75;-90.74729398687013;4.891373787500502
6.76;-90.25815660812009;13.966103186187516
6.7700000000000005;-88.86154628950133;22.991918846999525
6.78;-86.56235440480138;31.87807347594966
6.79;-83.37454705720641;40.534308916429794
6.8;-79.32111616556344;48.87176362215044
6.8100000000000005;-74.4339398033484;56.80387523870678
6.82;-68.75355227947772;64.24726921904161
6.83;-62.32882535757356;71.12262444698939
6.84;-55.216562912874615;77.35550698274675
6.8500000000000005;-47.48101221459994;82.8771632740342
6.86;-39.19329588719652;87.62526449549419
6.87;-30.4307694376471;91.54459408421384
6.88;-21.276310029225716;94.58767102797856
6.890000000000001;-11.81754292642786;96.71530203090113
6.9;-2.146012723337746;97.89705632354391
6.91;7.643692909016645;98.11165759587769
6.92;17.454858668604416;97.34728830497602
6.93;27.189587499102018;95.60180243811558
6.94;36.749767742913576;92.88284368820538
6.95;46.03805211173412;89.20786691391403
6.96;54.95883880312552;84.60406170274062
6.97;63.419244973399586;79.10817782242808
6.98;71.33006275564239;72.76625332508812
6.99;78.6066880881512;65.63324704952387
7.0;85.1700127931036;57.772578240708754
7.01;90.94727061717447;49.25557696139839
7.0200000000000005;95.8728283133143;40.16084989968094
7.03;99.8889133032824;30.57356706834951
7.04;102.94627001011735;20.58467573802127
7.05;105.00473758391948;10.290048737009537
7.0600000000000005;106.03374245762043;-0.21042502138241126
7.07;106.01269995548219;-10.813799267144455
7.08;104.93132002876774;-21.415069262692676
7.09;102.78981310249847;-31.908201265569453
7.1000000000000005;99.59899297594153;-42.1871825758193
7.11;95.3802747183596;-52.147081873413455
7.12;90.16556653101826;-61.685109345249415
7.13;83.99705559649331;-70.70166599835125
7.140000000000001;76.92688899665819;-79.10137155800058
7.15;69.01675184085813;-86.7940604576664
7.16;60.337345795091494;-93.69573564175222
7.17;50.96777223091627;-99.72947022126137
7.18;40.99482520879013;-104.82624744435299
7.19;30.512200464354834;-108.925729965232
7.2;19.619627467831634;-111.97695001166748
7.21;8.421932466664884;-113.93891275845064
7.22;-2.9719588091801796;-114.78110600511712
7.23;-14.450069409691892;-114.4839101241991
7.24;-25.898460422111803;-113.0389031832299
7.25;-37.202350740434795;-110.44905714101873
7.26;-48.24725645453667;-106.72882206697525
7.2700000000000005;-58.92013866123419;-101.90409642152159
7.28;-69.11054830338635;-96.01208255539817
7.29;-78.71175655892617;-89.10102772505954
7.3;-87.62185933143212;-81.22985206916692
7.3100000000000005;-95.74484453834881;-72.46766613602371
7.32;-102.99161115195119;-62.893181682188825
7.33;-109.28092932017007;-52.594020566993706
7.34;-114.54033137686945;-41.6659276349767
7.3500000000000005;-118.70692414036712;-30.21189449728975
7.36;-121.7281135900961;-18.341202083253037
7.37;-123.5622337984214;-6.168390724243427
7.38;-124.17907287084574;6.187832655598715
7.390000000000001;-123.56028960528587;18.60573994268329
7.4;-121.69971561101754;30.961768903211876
7.41;-118.60353872069635;43.13174046431363
7.42;-114.29036467426499;54.99209433638327
7.43;-108.79115524062667;66.42113080380977
7.44;-102.14904216024568;77.30024632787244
7.45;-94.41901752745844;87.51515054389701
7.46;-85.66750247306874;96.95705229664286
7.47;-75.97179724340445;105.52380254394973
7.48;-65.41941698900948;113.12098226829018
7.49;-54.107318762180455;119.66292396719112
7.5;-42.14102636546134;125.07365584340917
7.51;-29.633660781120426;129.2877584799553
7.5200000000000005;-16.704884933124895;132.25112455806735
7.53;-3.479772477318159;133.92161305137984
7.54;9.912388827819825;134.26959029911166
7.55;23.339347857730992;133.27835141632968
7.5600000000000005;36.66718299936396;130.9444166305566
7.57;49.76162466241962;127.2776983306202
7.58;62.48939449548164;122.30153586437824
7.59;74.71954808191947;116.05259641483008
7.6000000000000005;86.32480772340247;108.58064160663812
7.61;97.18287188406629;99.94816083429788
7.62;107.17768796749607;90.22987364589125
7.63;116.2006753320852;79.51210484914164
7.640000000000001;124.15188581699937;67.89203731593312
7.65;130.94108954859269;55.47684873423319
7.66;136.488774422016;42.38273977937392
7.67;140.7270483999534;28.73386233717232
7.68;143.60043463367063;14.66115749717698
7.69;145.06655038338832;0.30111403380991675
7.7;145.09666178676932;-14.205541004528916
7.71;143.6761076863164;-28.715207183205848
7.72;140.80458696799582;-43.08281795183749
7.73;136.49630517281207;-57.16327664863707
7.74;130.77997750794836;-70.81290716591828
7.75;123.69868679135654;-83.89090491671311
7.76;115.30959629968523;-96.26077359584876
7.7700000000000005;105.68351894010036;-107.79173322581728
7.78;94.90434561751863;-118.36008511982732
7.79;83.0683371055359;-127.85051968157919
7.8;70.28328513737799;-136.1573533921328
7.8100000000000005;56.66754979816471;-143.18568190587058
7.82;42.34898160757765;-148.85243688568704
7.83;27.463737919008942;-153.0873350464448
7.84;12.155004414364463;-155.8337088383457
7.8500000000000005;-3.4283664694701077;-157.04920927978213
7.86;-19.13328739744832;-156.70637263283513
7.87;-34.80392466073184;-154.7930438930903
7.88;-50.283229050040866;-151.3126514270171
7.890000000000001;-65.41449419274258;-146.28432852201303
7.9;-80.04292704494388;-139.74287910273875
7.91;-94.01721495521775;-131.73858639824437
7.92;-107.19107359504218;-122.3368649027226
7.930000000000001;-119.42476008531445;-111.61775754321837
7.94;-130.58653583963627;-99.67528153468693
7.95;-140.55406399310496;-86.6166279507233
7.96;-149.21572678817728;-72.5612215514128
7.97;-156.47184894331855;-57.639648872595075
7.98;-162.23581383057805;-41.99246397826322
7.99;-166.43506022840438;-25.76888259520541
8.0;-169.0119484879249;-9.125376572364974
8.01;-169.9244861451614;7.775818276427518
8.02;-169.14690431751865;24.76826689094366
8.03;-166.67007762842428;41.68295732269553
8.040000000000001;-162.50178189615474;58.34996508553796
8.05;-156.66678538760095;74.60014327515344
8.06;-149.2067710600856;90.26682181391354
8.07;-140.18008887869425;105.18749891992209
8.08;-129.66133898670205;119.20550780779152
8.09;-117.7407882059229;132.1716417064617
8.1;-104.52362403527673;143.945720527054
8.11;-90.12905198257133;154.39808293058167
8.120000000000001;-74.68924368951316;163.4109881288388
8.13;-58.34814487662928;170.87991249779012
8.14;-41.26015362685027;176.71472698545304
8.15;-23.588680928304964;180.84074234813806
8.16;-5.504606693491155;183.19961044096857
8.17;12.815354350605702;183.7500711103177
8.18;31.190361461637472;182.46853567525713
8.19;49.437215029163184;179.34949952909338
8.2;67.37216498207252;174.40577802617707
8.21;84.81274278469023;167.6685615279698
8.22;101.57959893748722;159.1872872495008
8.23;117.4983276624373;149.0293273557521
8.24;132.4012603980125;137.27949458950835
8.25;146.12920985696334;124.03936854970709
8.26;158.53314671193405;109.42644756401076
8.27;169.47579146833513;93.57313289281736
8.28;178.83310475761687;76.62555374598384
8.290000000000001;186.49566013221525;58.74224327022215
8.3;192.36988445923745;40.09267725700062
8.31;196.3791521849375;20.85568881107687
8.32;198.4647210660452;1.217773592583118
8.33;198.58649842530352;-18.628698514021405
8.34;196.72362857390138;-38.48734835655176
8.35;192.87489373824621;-58.159711213941904
8.36;187.05892261685202;-77.44720058776653
8.370000000000001;179.31420255807535;-96.15309284945174
8.38;169.69889327313018;-114.08451310525928
8.39;158.29044196260426;-131.0544024325723
8.4;145.18500171934704;-146.8834466288327
8.41;130.49665705646376;-161.4019468007674
8.42;114.35646237638701;-174.45161250641377
8.43;96.91130112574564;-185.88725874405247
8.44;78.3225752513404;-195.57838885662704
8.45;58.76473636567769;-203.41064638176107
8.46;38.423671727501585;-209.28712001832884
8.47;17.4949597256687;-213.129487191079
8.48;-3.817988993439201;-214.87898316364587
8.49;-25.30588730980379;-214.49718426430195
8.5;-46.75560573623399;-211.96659553332157
8.51;-67.95226528956614;-207.29103495969818
8.52;-88.68136878553597;-200.49580843074156
8.53;-108.73094962861012;-191.62767155218796
8.540000000000001;-127.89371678382892;-180.75457658932694
8.55;-145.9691744427616;-167.96520491094407
8.56;-162.76569493385603;-153.3682874666679
8.57;-178.1025236805228;-137.0917179732823
8.58;-191.81169547785103;-119.28146560523001
8.59;-203.73984203837404;-100.10029605744491
8.6;-213.7498716441185;-79.7263118536075
8.61;-221.72250282947925;-58.35132468919565
8.620000000000001;-227.55763529839882;-36.17907440624772
8.63;-231.1755427390236;-13.42331087640784
8.64;-232.51787382666438;9.694243397494521
8.65;-231.54844948691493;32.94603078016096
8.66;-228.25384640889882;56.10087572885246
8.67;-222.64375883601357;78.92626036974234
8.68;-214.75113279903934;101.1906362533437
8.69;-204.63206917370496;122.66574953324763
8.700000000000001;-192.36549422038019;143.12895645061815
8.71;-178.05259857531837;162.36550587265617
8.72;-161.81604798805276;180.170765730188
8.73;-143.79897141503395;196.35237052899328
8.74;-124.16373436213462;210.73226767049667
8.75;-103.09050759508494;223.14864110671013
8.76;-80.77564348441393;233.45769186621862
8.77;-57.42987429779207;241.53525621466002
8.78;-33.276348676326066;247.27824364443924
8.790000000000001;-8.54852431188214;250.60587851207185
8.8;16.512063539325048;251.46073094326007
8.81;41.658136633651054;249.80952458932757
8.82;66.63908909258382;245.64371092596247
8.83;91.20346018518006;238.97980201670407
8.84;115.10144038685047;229.85945599818606
8.85;138.08738598666906;218.34931195950102
8.86;159.92231718261917;204.54057336083412
8.870000000000001;180.3763745187026;188.5483416425722
8.88;199.23120868295982;170.51070419070194
8.89;216.28227910203;150.58758332240598
8.9;231.3410374342706;128.95935541220297
8.91;244.2369729754909;105.8252516687759
8.92;254.81949814236847;81.40155437122681
8.93;262.95965357949115;55.91960455698996
8.94;268.55161403519014;29.623639199040845
8.950000000000001;271.5139779550942;2.7684777955218287
8.96;271.7908257346464;-24.382919999987596
8.97;269.35253373464764;-51.56200257345223
8.98;264.1963334773024;-78.497255946917
8.99;256.3466078826107;-104.91688929464723
9.0;245.854918953146;-130.5515500829083
9.01;232.7997639448552;-155.1370419782229
9.02;217.2860597470329;-178.4170183727084
9.03;199.44435790976206;-200.1456243474117
9.040000000000001;179.42979547502088;-220.0900601383879
9.05;157.4207894611821;-238.03303968589
9.06;133.6174854925931;-253.7751186320082
9.07;108.23997362939227;-267.1368671812675
9.08;81.52628691126552;-277.96086454420674
9.09;53.73020045684484;-286.1134932353333
9.1;25.11885113331151;-291.4865132810178
9.11;-4.029800194790269;-293.99839839434895
9.120000000000001;-33.429640034225166;-293.59541837486995
9.13;-62.78918187171216;-290.2524543714474
9.14;-91.8144273088569;-283.9735361842762
9.15;-120.21178092728454;-274.7920934533905
9.16;-147.6909902726236;-262.77091536066206
9.17;-173.96808180868982;-248.0018163333997
9.18;-198.7682634420298;-230.6050081525307
9.19;-221.82876425728287;-210.72818180832772
9.200000000000001;-242.90158243811564;-188.54530538259942
9.21;-261.75611297637556;-164.25514713878786
9.22;-278.18162769025434;-138.0795358411503
9.23;-291.98958127436936;-110.26137307212485
9.24;-303.01571858158184;-81.06241494468792
9.25;-311.12196007605064;-50.76084308652973
9.26;-316.1980443847036;-19.648647078924668
9.27;-318.16290909259607;11.971157359545696
9.28;-316.9657933566415;43.787448268805306
9.290000000000001;-312.587048529761;75.48402760446946
9.3;-305.03864576931403;106.74273245744556
9.31;-294.3643725235695;137.24659703437698
9.32;-280.6397128201318;166.6830342867339
9.33;-263.97140939145845;194.7470055687471
9.34;-244.49670883458373;221.14414650789297
9.35;-222.38229418379444;245.59381739135134
9.36;-197.82291244465932;267.8320468097308
9.370000000000001;-171.03970776368624;287.6143380541967
9.38;-142.27827395826657;304.7183088305653
9.39;-111.80644307521004;318.94613622639196
9.4;-79.91182945257084;330.12678053391295
9.41;-46.899151399179544;338.11796347917004
9.42;-13.087355051262541;342.807878619088
9.43;21.193432810646257;344.11661412421427
9.44;55.60509422306769;341.99727084314964
9.450000000000001;89.80482130738265;336.43676142084286
9.46;123.44849744946694;327.4562792901046
9.47;156.1941253784774;315.1114295451579
9.48;187.70526833299317;299.49201700731015
9.49;217.65447003372418;280.72149017401085
9.5;245.72661905112528;258.95604317063845
9.51;271.6222233681891;234.3833812655259
9.52;295.0605614947417;207.22115892870698
9.53;315.7826773876124;177.7151027792328
9.540000000000001;333.55418766553566;146.13683504047157
9.55;348.16787116958284;112.781416273918
9.56;359.4460127969746;77.96462915695972
9.57;367.2424757126706;42.02002787726225
9.58;371.4444785003968;5.295780305995187
9.59;371.97405653099634;-31.848667544044496
9.6;368.7891897765919;-69.04607319714412
9.61;361.8845824568775;-105.92499217480332
9.620000000000001;351.2920832393972;-142.11345042049106
9.63;337.08073819734807;-177.2426587444308
9.64;319.356472322905;-210.9507325641656
9.65;298.2613990664884;-242.8863797964561
9.66;273.9727610868428;-272.71251970310493
9.67;246.70150911653232;-300.10979581178924
9.68;216.6905295353534;-324.7799467234425
9.69;184.21253486300913;-346.44899967697785
9.700000000000001;149.56763489531133;-364.8702531632788
9.71;113.08060957898346;-379.8270166528099
9.72;75.09790791370247;-391.13507761070827
9.73;35.98440015263164;-398.6448684020785
9.74;-3.8800866875762097;-402.24330841734167
9.75;-44.10441752931038;-401.85529974858406
9.76;-84.2899475041688;-397.444857995653
9.77;-124.03443330373409;-389.0158632452361
9.78;-162.9360196282577;-376.6124199148627
9.790000000000001;-200.59726161974396;-360.3188179520369
9.8;-236.62914341494766;-340.2590917900625
9.81;-270.6550525939539;-316.5961774485677
9.82;-302.31467033881063;-289.5306721891723
9.83;-331.26773755772786;-259.29920515529125
9.84;-357.197658073257;-226.17243139951847
9.85;-379.8149012132088;-190.45266559219277
9.86;-398.8601677724281;-152.47117547087188
9.870000000000001;-414.1072853195153;-112.58515869362907
9.88;-425.3658011888782;-71.17443016167753
9.89;-432.48324420504593;-28.637850042789708
9.9;-435.3470292093249;14.610474377714887
9.91;-433.8859817715534;58.145177298647376
9.92;-428.07146404168867;101.53377547580271
9.93;-417.9180864941084;144.34092187997157
9.94;-403.48399430611124;186.13273052938243
9.950000000000001;-384.870721253173;226.48112995999355
9.96;-362.22260825717365;264.96820208531085
9.97;-335.7257880486426;301.1904629110282
9.98;-305.6067417575398;334.7630417158924
9.99;-272.1304375859506;365.32371589164643
10.0;-235.59806599678592;392.5367596502415
