0.0;-1.0 3.0
0.01;-0.7 3.1
0.02;-0.3899999999999999 3.17
0.03;-0.0729999999999999 3.209
0.04;0.24790000000000012 3.2163
0.05;0.5695300000000001 3.19151
0.06;0.888681 3.134557
0.07;1.2021367 3.0456889
0.08;1.5067055900000002 2.92547523
0.09;1.7992531130000002 2.774804671
0.1;2.0767335801000004 2.5948793597
0.11;2.3362215160700006 2.38720600169
0.12;2.5749421162390007 2.153583850083
0.13;2.790300501247301 1.8960896384590997
0.14;2.9799094650932108 1.6170595883343697
0.15;3.141615423926648 1.3190686418250486
0.16;3.273522288109153 1.0049070994323839
0.17;3.3740129980523914 0.6775548706214686
0.18;3.4417684851145385 0.34015357081622943
0.19;3.4757838421961615 -0.004023277695224425
0.2;3.475381514426639 -0.3516016619148406
0.21;3.440221348235155 -0.6991398133575045
0.22;3.3703073668994046 -1.04316194818102
0.23;3.2659911720813026 -1.3801926848709605
0.24;3.1279719035942066 -1.7067918020790906
0.25;2.9572927233862973 -2.0195889924385115
0.26;2.755333824142446 -2.315318264777141
0.27;2.523801997664732 -2.5908516471913856
0.28;2.2647168329455933 -2.843231846957859
0.29;1.9803936482498075 -3.069703530252418
0.3;1.6734232952245656 -3.267742895077399
0.31;1.3466490057168257 -3.4350852245998555
0.32;1.00314048325684 -3.569750125171538
0.33;0.6461654707396862 -3.670064173497222
0.34;0.279159053389964 -3.7346807205711907
0.35000000000000003;-0.09430901866715508 -3.762596625910187
0.36;-0.4705686812581738 -3.7531657240434715
0.37;-0.845885253662521 -3.706108855917654
0.38;-1.2164961392542863 -3.621520330551402
0.39;-1.5786481723094266 -3.4998707166259733
0.4;-1.9286352439720238 -3.342005899395031
0.41000000000000003;-2.262835833911527 -3.1491423749978282
0.42;-2.5777500714113097 -2.9228587916066755
0.43;-2.8700359505719772 -2.6650837844655446
0.44;-3.1365443290185318 -2.378080189408347
0.45;-3.3743523479593662 -2.064425756506494
0.46;-3.5807949236100156 -1.7269905217105572
0.47000000000000003;-3.7534939757810712 -1.3689110293495557
0.48;-3.890385078716027 -0.9935616317714485
0.49;-3.9897412418931717 -0.6045231238998459
0.5;-4.050193554283156 -0.20554899971052865
0.51;-4.070748454254209 0.19947035571778704
0.52;-4.050801418682431 0.606545201143208
0.53;-3.99014689856811 1.011625343011451
0.54;-3.888984364266965 1.410640032868262
0.55;-3.747920360980139 1.7995384692949585
0.56;-3.567966514050643 2.1743305053929722
0.5700000000000001;-3.3505334635113457 2.5311271567980365
0.58;-3.097420747831542 2.866180503149171
0.59;-2.810802697516625 3.1759225779323255
0.6;-2.4932104397233927 3.457002847683988
0.61;-2.1475101549549938 3.7063238916563273
0.62;-1.776877765789361 3.9210749071518265
0.63;-1.3847702750741784 4.0987626837307625
0.64;-0.974894006701102 4.23723971123818
0.65;-0.551170035577284 4.33472911190829
0.66;-0.11769712438645491 4.389846115466018
0.67;0.32128748716014693 4.4016158279046635
0.68;0.7614490699506133 4.369487079188649
0.6900000000000001;1.1983977778694783 4.293342172193587
0.7000000000000001;1.6277319950888371 4.17350239440664
0.71;2.045082234529501 4.010729194897756
0.72;2.4461551540192765 3.806220971444806
0.73;2.826777251163757 3.5616054560428783
0.74;3.1829377967680452 3.2789277309265024
0.75;3.5108305698606954 2.9606339512496977
0.76;3.8068939649856652 2.609550894263628
0.77;4.067849054412028 2.2288614977650614
0.78;4.290735204188533 1.8220765923238587
0.79;4.472942863420919 1.3930030719050053
0.8;4.6122431706114195 0.9457087855629134
0.81;4.706814049167711 0.4844844685017714
0.8200000000000001;4.755262496017888 0.013803063585000275
0.8300000000000001;4.756642802376388 -0.4617231860167886
0.84;4.710470483774709 -0.9373874662544274
0.85;4.616731737149267 -1.4084345146318982
0.86;4.475888285686077 -1.8701076883468248
0.87;4.288877516851395 -2.3176965169154324
0.88;4.057107865159852 -2.746584268600572
0.89;3.7824494382997944 -3.152295055116557
0.9;3.467219932788139 -3.5305399989465367
0.91;3.114165932893485 -3.8772619922253506
0.92;2.72643973367095 -4.188678585514699
0.93;2.30757187511948 -4.461322558881794
0.9400000000000001;1.8614396192313003 -4.692079746393742
0.9500000000000001;1.392231644591926 -4.878223708316872
0.96;0.9044092737602388 -5.017446872776064
0.97;0.40266458648263237 -5.107887800152088
0.98;-0.10812419353257652 -5.148154258800352
0.99;-0.6229396194126117 -5.137341839447094
1.0;-1.1366738033573212 -5.075047877505833
