0.0;1.0 -2.0
0.1;0.6545454545454545 -1.3090909090909102
0.2;0.4284297520661158 -0.8568595041322394
0.30000000000000004;0.2804267468069126 -0.5608534936138732
0.4;0.18355205245543632 -0.3671041049111609
0.5;0.1201431616072104 -0.24028632321615043
0.6000000000000001;0.07863916032481387 -0.15727832066000544
0.7000000000000001;0.05147290494044422 -0.10294580994315465
0.8;0.033691355964414374 -0.06738271230242604
0.9;0.02205252392435835 -0.04410505009030054
1.0;0.014434379418211858 -0.028868772285926738
