0.0;1.0;3.0
0.01;1.295;2.885
0.02;1.577025;2.741075
0.03;1.8432473749999998;2.569667125
0.04;2.090997850625;2.372494051875
0.05;2.317792266559375;2.151531796553125
0.06;2.5213564848818906;1.908994910914422
0.07;2.6996491935489235;1.647314287871661
0.08;2.850882376368345;1.3691127970774102
0.09;2.973539244194244;1.0771789954551887
0.1;3.066389447518792;0.7744391760584883
0.11;3.1285014178870467;0.46392803542631667
0.12;3.159251714340243;0.14875825346048038
0.13;3.15833128111459;-0.16791070924084633
0.14;3.1257485537849323;-0.4829042838061011
0.15;3.0618293826353975;-0.7930646177655638
0.16;2.967213773945664;-1.0952822329402758
0.17;2.8428494817819083;-1.386527199170141
0.18;2.6899825144559846;-1.663879511352481
0.19;2.5101446507484564;-1.924558365241317
0.2;2.3051380909705825;-2.165950038489956
0.21;2.077017396666734;-2.3856340973945644
0.22;1.8280688999439436;-2.581407666574265
0.23;1.5607877887867974;-2.7513075182357882
0.24;1.2778530980192846;-2.893629759523289
0.25;0.9821008565768592;-3.006946920527601
0.26;0.6764956602412149;-3.090122271582649
0.27;0.3641009547817439;-3.142321226248857
0.28;0.04804832738294945;-3.163019715595787
0.29;-0.268493885813544;-3.152009449756103
0.3;-0.5823523613600866;-3.1094000139259683
0.31;-0.890380600945883;-3.0356177777203297
0.32;-1.1894904757131866;-2.93140162873714
0.33;-1.4766831862083347;-2.7977955730221353
0.34;-1.7490793275795067;-2.636138276536191
0.35000000000000003;-2.003947758595228;-2.4480496523955595
0.36;-2.238732985041808;-2.235414628274059
0.37;-2.451080782944005;-2.000364256628508
0.38;-2.6388618046921355;-1.7452543570509649
0.39;-2.8001929313737715;-1.4726419047964965
0.4;-2.9334561571965523;-1.1852594021351368
0.41000000000000003;-3.0373148166240833;-0.8859874894048059
0.42;-3.1107269914814433;-0.5778260702953735
0.43;-3.1529559635535733;-0.26386424079575227
0.44;-3.1635776078153808;0.05275067676358386
0.45;-3.1424846520999457;0.368844684161304
0.46;-3.0898877604233155;0.6812489259504921
0.47000000000000003;-3.0063134290261497;0.9868314573630712
0.48;-2.892598716144712;1.282528642978871
0.49;-2.7498828582661012;1.5653758713784478
0.5;-2.579595856836926;1.8325372778481657
0.51;-2.383444149767925;2.0813341771426175
0.52;-2.1633935113048235;2.3092719212336967
0.53;-1.9216493516249296;2.514064912758011
0.54;-1.6606346135910037;2.6936595233567138
0.55;-1.3829654881873772;2.8462546870990306
0.56;-1.0914251920365372;2.9703199624822734
0.5700000000000001;-0.7889360698281271;3.0646108818735156
0.58;-0.4785303012916349;3.1281814344469607
0.59;-0.16331950634048065;3.1603935574038893
0.6;0.15353644693161073;3.1609235402509177
0.61;0.46886111872204445;3.129765277856502
0.62;0.7794933409140845;3.067230339595015
0.63;1.0823189081690157;2.9739448538056314
0.64;1.3743017990087338;2.8508432387197016
0.65;1.6525146138856603;2.6991588426252298
0.66;1.914167925078755;2.5204115870235375
0.67;2.1566382441557153;2.316392736580544
0.68;2.3774943265929913;2.0891469484820697
0.6900000000000001;2.5745215498082334;1.8409517810803602
0.7000000000000001;2.7457441201672284;1.574294867194135
0.71;2.8894448862858058;1.2918489808414415
0.72;3.004182559938521;0.9964452473086537
0.73;3.088806171869694;0.6910447650782583
0.74;3.1424666175181715;0.3787089240658976
0.75;3.1646251768371703;0.062568717693751
0.76;3.1550589227223593;-0.25420664357843475
0.77;3.113862963750904;-0.5684415026327785
0.78;3.0414494986688716;-0.8769855914947051
0.79;2.9385436920260566;-1.1767456134041188
0.8;2.8061764122255144;-1.4647162545397039
0.81;2.6456739047104163;-1.738010314489557
0.8200000000000001;2.4586445037379088;-1.9938876533881507
0.8300000000000001;2.246962515880404;-2.2297826654950006
0.84;2.012749436751502;-2.443330003755566
0.85;1.758352689192188;-2.6323882974119384
0.86;1.4863220960050332;-2.7950616248440974
0.87;1.1993843230405983;-2.9297185263203804
0.88;0.9004155487933572;-3.035008365992838
0.89;0.5924126344501066;-3.1098748790422097
0.9;0.27846308337363507;-3.153566768092009
0.91;-0.03828590885243405;-3.1656452425889126
0.92;-0.35465900356706315;-3.1459884254907244
0.93;-0.6674845510983003;-3.0947925830065643
0.9400000000000001;-0.9736263866434652;-3.0125701649817014
0.9500000000000001;-1.270015271208418;-2.9001446754924465
0.96;-1.5536796624016207;-2.7586424249941426
0.97;-1.8217755065890269;-2.58948124662901
0.98;-2.0716147537189826;-2.394356289736962
0.99;-2.300692308924084;-2.175223032916379
1.0;-2.5067111506711015;-1.9342776868593885
1.01;-2.687605363603685;-1.6739351833579814
1.02;-2.8415608551214646;-1.396804971080823
1.03;-2.96703354795394;-1.1056648607132724
1.04;-3.062764866285497;-0.8034331816143121
1.05;-3.1277943601155007;-0.4931395290776908
1.06;-3.161469341222692;-0.17789439542075225
1.07;-3.163451434058654;0.13914201067862075
1.08;-3.1337199758204988;0.45479144403109306
1.09;-3.072572231538287;0.7658894843929875
1.1;-2.9806204219412966;1.0693172601248513
1.11;-2.858785593819105;1.3620327160183567
1.12;-2.708288394248174;1.6411011118201755
1.1300000000000001;-2.530636841094916;1.9037244456858922
1.1400000000000001;-2.327611212320852;2.1472695075669543
1.1500000000000001;-2.1012462055025525;2.3692942812612046
1.16;-1.8538105463489192;2.567572430405154
1.17;-1.587784250576659;2.74011562288802
1.18;-1.3058337670349738;2.885193469831246
1.19;-1.0107852512166744;3.001350879185587
1.2;-0.7055962370420323;3.0874226499113266
1.21;-0.3933259908656895;3.142545160365973
1.22;-0.07710484487476371;3.1661650336507123
1.23;0.23989718271468136;3.158044692969935
1.24;0.5545021660981015;3.1182647512336175
1.25;0.8635561303909729;3.047223210867639
1.26;1.163960670825782;2.9456314817742038
1.27;1.4527040156490734;2.8145072572827545
1.28;1.7268912212991034;2.6551643194314334
1.29;1.9837731971357513;2.469199375704366
1.3;2.220774268720509;2.258476059112269
1.31;2.4355180032881334;2.0251062519446563
1.32;2.625851038466158;1.7714289203561198
1.33;2.789864675309439;1.4999866719077233
1.34;2.925914019123664;1.2135002710172407
1.35;3.0326344761297697;0.914841367749788
1.36;3.1089554405241;0.607003713298062
1.37;3.1541110346512853;0.2930731506791617
1.3800000000000001;3.167647794545945;-0.023803318539362683
1.3900000000000001;3.149429223719279;-0.3404490814012604
1.4000000000000001;3.0996371694605567;-0.653689758366182
1.41;3.0187700077766357;-0.9603850265204068
1.42;2.9076376550857117;-1.2574601021654683
1.43;2.767353456593736;-1.5419365671632121
1.44;2.5993230325944463;-1.8109622299867696
1.45;2.405230194432797;-2.0618397220962805
1.46;2.187020071251005;-2.2920535429290787
1.47;1.946879616601842;-2.499295282339534
1.48;1.6872156902848794;-2.6814867675880207
1.49;1.4106309350746529;-2.8368009027785686
1.5;1.1198976901214226;-2.963679991772141
1.51;0.8179302024936014;-3.0608513608254224
1.52;0.507755415398591;-3.1273401242706553
1.53;0.19248262589453252;-3.162478965189161
1.54;-0.12472768375385629;-3.1659148329526685
1.55;-0.4406955286303539;-3.1376124904125193
1.56;-0.752253300028454;-3.0778548750974215
1.57;-1.056277521038054;-2.987240270719089
1.58;-1.3497201605047726;-2.866676317261688
1.59;-1.6296391914284176;-2.7173709196249023
1.6;-1.8932280874337657;-2.540820145883936
1.61;-2.1378439615849905;-2.33879323641114
1.62;-2.3610340654181794;-2.113314874070585
1.6300000000000001;-2.560560382498147;-1.8666448931584143
1.6400000000000001;-2.734422069901498;-1.6012556304428074
1.6500000000000001;-2.880875522596271;-1.3198071453004436
1.6600000000000001;-2.998451859513334;-1.0251205573143143
1.67;-3.0859716559471986;-0.7201497685764093
1.68;-3.1425567745251035;-0.4079518541388074
1.69;-3.1676391760663587;-0.09165641741560299
1.7;-3.1609666219275874;0.22556578227811092
1.71;-3.1226052105901383;0.5405346155594791
1.72;-3.0529387229812395;0.8500924635406956
1.73;-2.952664783012264;1.1511358735211161
1.74;-2.822787871745091;1.4406466724547369
1.75;-2.664609265140892;1.7157222262669722
1.76;-2.47971399618849;1.9736045416497265
1.77;-2.269954972042575;2.211707918560327
1.78;-2.0374344053263296;2.427644876171783
1.79;-1.7844827456825196;2.619250092323557
1.8;-1.5136353227217514;2.7846021164301913
1.81;-1.2276069344651235;2.9220426381202156
1.82;-0.9292646359807764;3.030193118376127
1.83;-0.6215990009632597;3.107968616382324
1.84;-0.307694144320211;3.1545886733967383
1.85;0.00930319374106392;3.1695851444617755
1.86;0.3262151922185362;3.1528068993653604
1.87;0.6398648061939796;3.10442134564668
1.8800000000000001;0.9471076167276777;3.0249127582990485
1.8900000000000001;1.2448633544739443;2.9150774328347855
1.9000000000000001;1.530146780985053;2.7760157102232172
1.9100000000000001;1.8000976181024495;2.609120953573596
1.92;2.052009225369297;2.416065586995483
1.93;2.283355737941999;2.198784336523576
1.94;2.4918173929046463;1.9594548410467583
1.95;2.675303790044799;1.7004758275510599
1.96;2.831974853849681;1.4244430694088246
1.97;2.960259286521315;1.1341233686768124
1.98;3.0588703269563897;0.8324268231812968
1.99;3.1268186576397374;0.5223776563697513
2.0;3.163422329988514;0.20708390232392881
2.0100000000000002;3.1683136085709642;-0.11029375018654225
2.02;3.141442665509455;-0.426573642292706
2.0300000000000002;3.083078087952637;-0.738585040632188
2.04;2.9938041934496553;-1.0431999242242909
2.05;2.8745151800599777;-1.3373643439481349
2.06;2.7264061697648643;-1.618129040234392
2.07;2.5509612348926005;-1.8826790120097066
2.08;2.3499385275171667;-2.128361740438918
2.09;2.125352660835689;-2.35271378448844
2.1;1.8794545190826668;-2.5534854816495667
2.11;1.6147086983222967;-2.7286635061495854
2.12;1.3337688042157265;-2.8764910584510672
2.13;1.039450854349541;-2.9954854835803846
2.14;0.7347050517197549;-3.0844531415974368
2.15;0.42258621230141236;-3.1425013810614253
2.16;0.10622314313376274;-3.1690474953862595
2.17;-0.21121272212053205;-3.1638245722227043
2.18;-0.5265391157321998;-3.1268841771495377
2.19;-0.8365948378684926;-3.05859584469057
2.2;-1.1382714481482072;-2.9596433816802676
2.21;-1.428544429075493;-2.8310180199570456
2.22;-1.70450350892582;-2.674008486949711
2.23;-1.963381840076162;-2.4901880936223804
2.24;-2.202583740238019;-2.281398969146652
2.25;-2.419710718451494;-2.0497336002771167
2.2600000000000002;-2.6125855248869483;-1.7975138604305818
2.27;-2.779273983305572;-1.527267738639734
2.2800000000000002;-2.9181043872530177;-1.2417040016159782
2.29;-3.0276842654783502;-0.9436850428825965
2.3000000000000003;-3.106914348439218;-0.6361981911203485
2.31;-3.154999595809057;-0.3223257653208249
2.32;-3.1714571743620943;-0.005214176913315105
2.33;-3.1561213061816153;0.3119576114074609
2.34;-3.109144938509961;0.6260099539685852
2.35;-3.0309982184205526;0.9337943980497384
2.36;-2.9224637875234762;1.232225247901545
2.37;-2.7846289437957044;1.5183105004143849
2.38;-2.6188747490352875;1.7891818422918835
2.39;-2.4268621910609225;2.042123407983953
2.4;-2.2105155393072224;2.2745990100501254
2.41;-1.9720030606056738;2.484277568930597
2.42;-1.7137152884095856;2.6690564871465114
2.43;-1.4382410632528866;2.8270827335517374
2.44;-1.1483415845814484;2.9567714262092673
2.45;-0.8469227340376144;3.0568217275363656
2.46;-0.5370059476137898;3.126229892302445
2.47;-0.22169792864547633;3.164299337602312
2.48;0.09584049475798229;3.1706476337788483
2.49;0.4124260556620772;3.1452103461341556
2.5;0.7248849599971824;3.088241688837277
2.5100000000000002;1.0300847040809242;3.0003119843933725
2.52;1.3249654789998568;2.8823019540633132
2.5300000000000002;1.6065708470111888;2.735393896393011
2.54;1.872077382415434;2.5610598422099273
2.5500000000000003;2.1188229797243494;2.361046804757334
2.56;2.344333545301461;2.1373592727611124
2.57;2.546347804851065;1.8922391218671608
2.58;2.7228399780135257;1.6281431457727185
2.59;2.87204009270073;1.3477184322425022
2.6;2.9924517354614766;1.0537758308112166
2.61;3.0828670598652907;0.7492617781110129
2.62;3.1423789023770654;0.43722876323392873
2.63;3.170389884188573;0.12080472918005253
2.64;3.1666184076856356;-0.19683828288470506
2.65;3.131101487358737;-0.5125159322388451
2.66;3.064194386698059;-0.8230635013135246
2.67;2.966567064633216;-1.1253676224767628
2.68;2.8391974670623736;-1.4163974908277006
2.69;2.683361730644292;-1.6932352500797996
2.7;2.5006213969830906;-1.9531052468938297
2.71;2.292807765308792;-2.1934018603576697
2.72;2.062003540446481;-2.4117156275867604
2.73;1.8105219599855726;-2.6058574034934745
2.74;1.5408836098362972;-2.7738803124745646
2.75;1.2557911605396592;-2.9140992718958216
2.7600000000000002;0.9581022775473786;-3.0251078915903085
2.77;0.6508009770006109;-3.105792579887095
2.7800000000000002;0.3369677141268983;-3.1553437146877203
2.79;0.019748504087491736;-3.1732637675269717
2.8000000000000003;-0.2976766151856429;-3.159372299098086
2.81;-0.6121254620195233;-3.1138077760840313
2.82;-0.9204456123178288;-3.037026191001659
2.83;-1.2195460033564056;-2.9297964988148677
2.84;-1.5064279232211104;-2.793192915985153
2.85;-1.7782150752035202;-2.628584159083116
2.86;-2.0321824157358144;-2.4376197307673486
2.87;-2.26578347673387;-2.2222133905399306
2.88;-2.476675898404194;-1.984523975913844
2.89;-2.6627449165035575;-1.7269337661938553
2.9;-2.822124568540425;-1.4520246057125303
2.91;-2.953216406268976;-1.1625520258299251
2.92;-3.054705526820624;-0.8614176250738779
2.93;-3.1255737616939085;-0.5516399842664461
2.94;-3.1651098913120834;-0.23632440817572298
2.95;-3.1729167826730955;0.08136820299636405
2.96;-3.1489153784600936;0.3982530402486918
2.97;-3.093345497542924;0.7111533128934577
2.98;-3.0067634387658635;1.0169320960832828
2.99;-2.890036411963706;1.3125237794794526
3.0;-2.7443338519559424;1.594964801778426
3.0100000000000002;-2.5711157025183202;1.861423362965128
3.02;-2.372117787709216;2.1092278164021345
3.0300000000000002;-2.1493344171304565;2.3358934560910454
3.04;-1.9049983994356996;2.5391474305236357
3.0500000000000003;-1.6415586643861575;2.7169515333145875
3.06;-1.361655717732768;2.86752264208663
3.0700000000000003;-1.068095174935441;2.9893506006494737
3.08;-0.7638196389958165;3.0812133651397704
3.09;-0.4518792042868604;3.142189262213653
3.1;-0.1354008820440608;3.171666236331271
3.11;0.18244274599928662;3.169347993354021
3.12;0.4984653316046923;3.1352569787873223
3.13;0.809498702825401;3.0697341607329167
3.14;1.1124246253845658;2.973435619646712
3.15;1.4042060642223142;2.847325979010022
3.16;1.6819176318022049;2.6926687426927405
3.17;1.9427749179124678;2.5110136357990562
3.18;2.184162406902811;2.304181075828814
3.19;2.4036597024511783;2.074243929759389
3.2;2.599065796914861;1.8235067398654743
3.21;2.7684211419168343;1.5544826264746607
3.22;2.910027298854716;1.269868099150604
3.23;3.022463972275503;0.9725160287693793
3.24;3.1046032552910634;0.6654070513979821
3.25;3.155620944154406;0.3516196906118858
3.2600000000000002;3.1750048084948226;0.0342994977433857
3.27;3.162559734226687;-0.28337248059481346
3.2800000000000002;3.1184096874960723;-0.5982115916145081
3.29;3.042996479897141;-0.9070615024060429
3.3000000000000003;2.937075347257051;-1.2068258428837269
3.31;2.801707386232393;-1.4944992483950132
3.3200000000000003;2.6382489244617298;-1.7671974907762775
3.33;2.4483379307617934;-2.022186395768569
3.34;2.2338776015311277;-2.2569092568659057
3.35;1.9970172878368815;-2.4690124707346888
3.36;1.7401309543242283;-2.6563691371647034
3.37;1.4657933858361367;-2.8171003869113025
3.38;1.1767543802158258;-2.94959422356036
3.39;0.8759111859587106;-3.0525216904641406
3.4;0.566279460982503;-3.124850200607691
3.41;0.2509630436168214;-3.1658538957029028
3.42;-0.06687716117155296;-3.1751209305860706
3.43;-0.38405486842430225;-3.152557609815985
3.44;-0.6973903550637792;-3.098389334924475
3.45;-1.0037423367809077;-3.0131583527434747
3.46;-1.3000394603713508;-2.8977183273016665
3.47;-1.5833110957996608;-2.753225789628023
3.48;-1.8507171192834648;-2.581128551099917
3.49;-2.0995763887970393;-2.3831511964160708
3.5;-2.3273936264946613;-2.1612778015542866
3.5100000000000002;-2.5318844385176167;-1.9177320498970492
3.52;-2.7109982213147337;-1.6549549457958022
3.5300000000000002;-2.8629387247877403;-1.3755803489353498
3.54;-2.9861820660573364;-1.082408574711899
3.5500000000000003;-3.0794920131982395;-0.7783783252326058
3.56;-3.141932385655509;-0.46653723228661875
3.5700000000000003;-3.172876446955893;-0.1500113075596347
3.58;-3.1720131954770774;0.16802639367375283
3.59;-3.139350490132317;0.48438758125309184
3.6;-3.075214979556346;0.795900692360058
3.61;-2.9802488354225587;1.0994426868538922
3.62;-2.855403322560057;1.3919703569618787
3.63;-2.7019292702510684;1.6705508374330749
3.64;-2.5213645401565055;1.9323910102710165
3.65;-2.3155186164286214;2.1748655092353117
3.66;-2.0864544724229472;2.3955430433319975
3.67;-1.8364678957276328;2.5922107753576324
3.68;-1.5680644787132314;2.7628965110536075
3.69;-1.2839345052143045;2.9058884763696624
3.7;-0.9869259850512668;3.0197524845092447
3.71;-0.680016106675086;3.1033463205918252
3.72;-0.3662813940825281;3.1558311996563746
3.73;-0.04886686714647792;3.1766801830663454
3.74;0.269045485495889;3.1656834688656614
3.75;0.5842686049549757;3.122950502971744
3.7600000000000002;0.8936423122273753;3.0489088899613876
3.77;1.1940649896623772;2.944300114288843
3.7800000000000002;1.4825246761429496;2.810172114751161
3.79;1.756129264237351;2.6478687865631105
3.8000000000000003;2.0121354965724754;2.45901651620656
3.81;2.247976470710269;2.2455078839682794
3.8200000000000003;2.4612873767535457;2.009482697477411
3.83;2.649929209617519;1.7533065463146695
3.84;2.8120102182008986;1.4795470926213443
3.85;2.9459048763720284;1.1909483353381476
3.86;3.050270185523983;0.890403106024254
3.87;3.1240591451987885;0.5809240719417343
3.88;3.166531256666968;0.26561353706214685
3.89;3.177259954089848;-0.05236765628986073
3.9;3.1561368886904124;-0.36983181341739624
3.91;3.1033730229052208;-0.6835963432193505
3.92;3.0194965234687596;-0.9905156637937758
3.93;2.9053474744720384;-1.2875127378216829
3.94;2.76206946331751;-1.5716099215797783
3.95;2.5910981238429445;-1.8399588183036304
3.96;2.3941467513933667;-2.089868836596407
3.97;2.1731891339767593;-2.3188341675527617
3.98;1.9304397715515993;-2.524558910112674
3.99;1.668331681682574;-2.7049800927172707
4.0;1.389492014002434;-2.8582883604219416
4.01;1.0967157178902278;-2.9829461200200753
4.0200000000000005;0.7929375272987691;-3.0777029612089977
4.03;0.4812025435413754;-3.1416081991328295
4.04;0.1646357109103856;-3.174020412491303
4.05;-0.15358950889329664;-3.174613881519885
4.0600000000000005;-0.47028294950081867;-3.143381861222956
4.07;-0.7822697208756102;-3.0806366569667594
4.08;-1.0864220379679081;-2.9870065015943643
4.09;-1.379690577937505;-2.863429265289602
4.1;-1.6591350515767778;-2.711143061169403
4.11;-1.9219536824358343;-2.5316738407058783
4.12;-2.165511298094243;-2.3268201032587656
4.13;-2.3873657519296483;-2.0986348729330473
4.14;-2.5852924104633046;-1.8494051233754172
4.15;-2.75730646074853;-1.5816288567122097
4.16;-2.901682814116008;-1.2979900663537955
4.17;-3.0169734066808074;-1.0013318346104256
4.18;-3.1020217231084457;-0.6946278347692927
4.19;-3.1559743979698327;-0.3809525232846016
4.2;-3.178289778308444;-0.06345032087119529
4.21;-3.168743361504021;0.25469590856400515
4.22;-3.1274300538401003;0.5702967651715872
4.23;-3.054763227053741;0.8801882867297394
4.24;-2.9514705822454985;1.1812636680014648
4.25;-2.8185868625341244;1.4705044078860072
4.26;-2.657443487432853;1.7450105720999896
4.2700000000000005;-2.46965521278569;2.002029867982775
4.28;-2.2571039499234837;2.23898523992143
4.29;-2.0219199061817235;2.453500708714171
4.3;-1.7664602357793977;2.6434251957887724
4.3100000000000005;-1.4932854150216235;2.806854093387768
4.32;-1.2051335786077386;2.9421483644229918
4.33;-0.9048930742724007;3.0479509804616507
4.34;-0.5955735108548736;3.1232005329865826
4.3500000000000005;-0.28027559000194097;3.167141881407137
4.36;0.03783997608878248;3.1793337310002956
4.37;0.3555841493083682;3.159653064736416
4.38;0.669771535035468;3.1082963844818967
4.39;0.9772523158084805;3.0257777490559405
4.4;1.2749438291350321;2.912923628729813
4.41;1.5598614728623383;2.7708646276726605
4.42;1.8291486282652927;2.6010241572480632
4.43;2.0801053008487727;2.405104173635294
4.44;2.3102151917080582;2.18506812268224
4.45;2.517170928017742;1.943121262898023
4.46;2.6988971996674556;1.6816885637817587
4.47;2.8535715700472943;1.4033904009961042
4.48;2.979642752296668;1.1110162919863944
4.49;3.0758461677338245;0.8074969352967956
4.5;3.141216630424835;0.49587483384692915
4.51;3.175098030657404;0.17927379663521098
4.5200000000000005;3.177149920167638;-0.1391323754137055
4.53;3.1473509330254292;-0.4561517055534008
4.54;3.085999007804962;-0.7686060403281767
4.55;2.9937084087331196;-1.073362910907032
4.5600000000000005;2.871403575598751;-1.3673669372258088
4.57;2.720309863998176;-1.6476704600995549
4.58;2.5419412686682294;-1.9114630941988748
4.59;2.338085252905001;-2.1560999055947034
4.6000000000000005;2.1107848360810055;-2.37912793135723
4.61;1.8623181187648774;-2.5783107753085446
4.62;1.5951754506401985;-2.7516510333084896
4.63;1.3120344700561486;-2.897410323205967
4.64;1.015733265385271;-3.014126718595552
4.65;0.7092419271987895;-3.1006294115411013
4.66;0.39563277640868544;-3.156050457203275
4.67;0.07804956680631447;-3.179833482558127
4.68;-0.24032402928352986;-3.171739271825968
4.69;-0.5562963363197091;-3.131848172538485
4.7;-0.8666996718919591;-3.0605592980438217
4.71;-1.1684221033368813;-2.9585865343644064
4.72;-1.4584386462566377;-2.826951391358896
4.73;-1.733841592161244;-2.666972769776438
4.74;-1.9918696611780815;-2.4802537467114316
4.75;-2.2299356875433345;-2.2686655118600663
4.76;-2.4456525602916246;-2.0343286155464324
4.7700000000000005;-2.6368571590448098;-1.7795917164395378
4.78;-2.8016320448935397;-1.507008041952859
4.79;-2.9383246888643577;-1.2193097972537408
4.8;-3.04556404514541;-0.9193807793810362
4.8100000000000005;-3.1222743028577864;-0.6102274709695901
4.82;-3.1676856784404563;-0.29494890332896345
4.83;-3.1813421403811506;0.023294409031727026
4.84;-3.163105988776072;0.3413121510246835
4.8500000000000005;-3.113159243729723;0.6559161891471672
4.86;-3.032001828596358;0.9639525325744037
4.87;-2.9204465661959356;1.2623329527711675
4.88;-2.779611038087839;1.5480659446269054
4.89;-2.6109063884347092;1.8182867187125549
4.9;-2.41602318462128;2.070285923962463
4.91;-2.1969144763019273;2.3015368128047786
4.92;-1.9557762226399398;2.5097205763709476
4.93;-1.6950252838896454;2.692749595753087
4.94;-1.4172751978948885;2.848788376163286
4.95;-1.1253099842890855;2.9762719540719584
4.96;-0.8220562389604442;3.0739215927305072
4.97;-0.5105537984925912;3.140757608662899
4.98;-0.19392526863383835;3.1761092004688436
4.99;0.12465527775621521;3.179621181329883
5.0;0.44199411950042244;3.1512575476476123
5.01;0.7549099036676816;3.091301847959332
5.0200000000000005;1.0602655389452764;3.0003543483527673
5.03;1.354999646085827;2.8793260227164756
5.04;1.6361572501270454;2.7294294279943108
5.05;1.9009194066758413;2.5521665558416347
5.0600000000000005;2.1466314652266254;2.3493137823948422
5.07;2.3708296861399765;2.1229040669602055
5.08;2.571265944405297;1.8752065780114069
5.09;2.745930272484411;1.60870395068082
5.1000000000000005;2.893071016190071;1.3260674036789748
5.11;3.0112124014770183;1.0301299650415727
5.12;3.0991693359737904;0.723858075068663
5.13;3.156059296800788;0.41032185109594055
5.14;3.181311185426378;0.09266431216038207
5.15;3.174671060715284;-0.22593012794305767
5.16;3.136204692617402;-0.5422675833748708
5.17;3.0662969108168276;-0.8531767147197367
5.18;2.96564775479077;-1.1555405222278208
5.19;2.835265463794034;-1.4463275950957586
5.2;2.676456376965488;-1.7226225034996832
5.21;2.4908118447306924;-1.9816550286787336
5.22;2.2801922826391654;-2.220827938008409
5.23;2.0467085274251287;-2.4377430265822837
5.24;1.7927006821297746;-2.6302251641918852
5.25;1.5207146622999372;-2.7963441065839034
5.26;1.2334766783300473;-2.9344338522809776
5.2700000000000005;0.9338659097102993;-3.0431093508525775
5.28;0.6248856450764899;-3.1212803950693444
5.29;0.309633177344173;-3.168162557601647
5.3;-0.008731244302712549;-3.1832850625480558
5.3100000000000005;-0.32701609433600454;-3.166495512805044
5.32;-0.642030565144829;-3.1179614258074184
5.33;-0.9506165548998468;-3.0381685621638983
5.34;-1.2496803283417373;-2.927916063863094
5.3500000000000005;-1.536223533086338;-2.788308450709605
5.36;-1.8073732604918669;-2.6207445551474233
5.37;-2.06041084970415;-2.4269035063224997
5.38;-2.292799146087879;-2.2087279038204723
5.39;-2.502207940739487;-1.968404349692582
5.4;-2.6865373360050477;-1.7083415338701704
5.41;-2.8439388027120396;-1.4311460926003148
5.42;-2.972833717958511;-1.1395964818661093
5.43;-3.0719291975553293;-0.8366151276609276
5.44;-3.1402310643336455;-0.52523913226709
5.45;-3.1770538222386864;-0.20858983017238997
5.46;-3.182027536144732;0.11015850120234061
5.47;-3.155101548343774;0.4278104623108021
5.48;-3.096544994370975;0.7411815648336255
5.49;-3.0069441129157575;1.047130156446555
5.5;-2.887196376706523;1.342588916955898
5.51;-2.738501503127401;1.6245956100417709
5.5200000000000005;-2.562349434607587;1.890322782304302
5.53;-2.360505409204119;2.137106111853539
5.54;-2.1349922709727442;2.362471122214683
5.55;-1.8880701973964122;2.564157993700884
5.5600000000000005;-1.6222140470393418;2.740144223472021
5.57;-1.340088554456943;2.888664907058595
5.58;-1.0445216209787986;3.008230437968996
5.59;-0.7384759690770051;3.097641447877031
5.6000000000000005;-0.4250194444439169;3.156000837545346
5.61;-0.1072942634671627;3.182722777802011
5.62;0.21151448563037423;3.177538590259717
5.63;0.5282107722281941;3.140499448745381
5.64;0.8396196632415913;3.071975874278835
5.65;1.1426191523532667;2.9726540285832814
5.66;1.4341714594498285;2.8435288432050383
5.67;1.7113534864730833;2.6858940530440303
5.68;1.971386124345121;2.501329234131502
5.69;2.2116621171365454;2.2916839755263325
5.7;2.4297722041034957;2.059059343935046
5.71;2.6235292774764827;1.8057868268050214
5.72;2.7909903137696026;1.534404964923348
5.73;2.9304758586930895;1.247633908721771
5.74;3.040586870271801;0.9483481533088531
5.75;3.1202187512513273;0.6395477255151287
5.76;3.1685724300465834;0.3243281117624203
5.7700000000000005;3.1851623790725925;0.005849228198949841
5.78;3.1698214899971244;-0.31269625584930416
5.79;3.1227027569622083;-0.6281149235697701
5.8;3.04427775082042;-0.9372446246481421
5.8100000000000005;2.935331899601504;-1.2369861766069434
5.82;2.7969566224428024;-1.5243344356840591
5.83;2.6305383957621826;-1.796408425749919
5.84;2.4377448612083796;-2.050480223197388
5.8500000000000005;2.220508114582599;-2.284002308202239
5.86;1.9810053431894623;-2.4946331081194875
5.87;1.7216370056615662;-2.6802604768978364
5.88;1.4450027729434747;-2.839022875079504
5.89;1.1538754715708068;-2.9693280379984537
5.9;0.8511732904131074;-3.0698689449655423
5.91;0.5399305294644876;-3.1396369292820254
5.92;0.2232671838889626;-3.177931797582064
5.93;-0.09564233178868864;-3.18436885698305
5.94;-0.4136010058280502;-3.1588827795192658
5.95;-0.7274212787508365;-3.1017282650388642
5.96;-1.0339569988609687;-3.013477495838586
5.97;-1.3301349634505226;-2.8950144084732963
5.98;-1.6129857294805996;-2.7475258400858777
5.99;-1.8796733848417844;-2.5724896379373883
6.0;-2.127523981711314;-2.371659851263523
6.01;-2.3540523469291097;-2.147049153836074
6.0200000000000005;-2.5569870005780717;-1.9009086733739826
6.03;-2.7342929329125796;-1.6357054299493055
6.04;-2.884192011242947;-1.354097609508301
6.05;-3.0051808121375623;-1.0589079203364649
6.0600000000000005;-3.096045700110521;-0.7530952995210263
6.07;-3.155875001562071;-0.43972525301236903
6.08;-3.1840681518554974;-0.12193912659110012
6.09;-3.1803417237553298;0.19707738422740512
6.1000000000000005;-3.1447322767138126;0.5141261696818011
6.11;-3.0775959983620633;0.8260287665047734
6.12;-2.9796051417197758;1.129658222508456
6.13;-2.8517412937603313;1.4219704455678912
6.140000000000001;-2.6952855427347404;1.7000347227160848
6.15;-2.5118056427494584;1.9610631033759784
6.16;-2.3031403041981133;2.2024383521340445
6.17;-2.0713807674637184;2.4217401907931855
6.18;-1.8188498445470813;2.6167695665855915
6.19;-1.5480786386657868;2.7855707032073718
6.2;-1.2617811751517207;2.9264507135579136
6.21;-0.9628271979201708;3.037996577505296
6.22;-0.6542134041800403;3.119089314409787
6.23;-0.3390334057181614;3.168915208255742
6.24;-0.020446717863996378;3.1869739727862796
6.25;0.29835291300395156;3.173083774708748
6.26;0.6141695259098066;3.127383064534809
6.2700000000000005;0.9238369847337384;3.0503291966211545
6.28;1.2242507194721852;2.942693852164675
6.29;1.5123988510912918;2.8055553109566334
6.3;1.7853923879314988;2.640287649292721
6.3100000000000005;2.0404941909211134;2.4485469722531077
6.32;2.2751464171918188;2.232254818299731
6.33;2.4869961669358327;1.9935789024890502
6.34;2.6739190763500584;1.7349113912830216
6.3500000000000005;2.8340406200966104;1.4588449266916006
6.36;2.9657549096652875;1.1681466400484815
6.37;3.0677407991218093;0.8657304158817103
6.38;3.1389751367143712;0.5546276838901207
6.390000000000001;3.1787430294198114;0.237957031799233
6.4;3.1866450174526357;-0.0811070563017443
6.41;3.162601086735198;-0.3993660227654992
6.42;3.1068514790249724;-0.7136293013251915
6.43;3.0199542914973283;-1.0207463027210628
6.44;2.9027798897677353;-1.3176380003571904
6.45;2.7565021902831774;-1.601327799332178
6.46;2.5825868993985437;-1.8689713793638347
6.47;2.3827768269651677;-2.11788521240687
6.48;2.1590744215896547;-2.3455734690413523
6.49;1.9137217025775712;-2.549753043855111
6.5;1.6491777896791722;-2.7283764488935924
6.51;1.368094255841417;-2.8796523456170418
6.5200000000000005;1.0732885500005058;-3.002063509473098
6.53;0.7677157563031936;-3.0943820469257832
6.54;0.45443897282909923;-3.1556817123214738
6.55;0.13659860673280633;-3.1853472010427764
6.5600000000000005;-0.18261910640513535;-3.183080325710843
6.57;-0.500014043444194;-3.1489030134417755
6.58;-0.8124042745711506;-3.083157094030147
6.59;-1.1166579626013096;-2.9865008811028813
6.6000000000000005;-1.4097247608985912;-2.859902580437236
6.61;-1.688666395137822;-2.7046305914451905
6.62;-1.950686122306652;-2.5222407989741824
6.63;-2.193156771592537;-2.314560982748646
6.640000000000001;-2.413647086009439;-2.0836725006756494
6.65;-2.6099461006469564;-1.8318894295713273
6.66;-2.7800853131008543;-1.561735372358775
6.67;-2.9223584237712275;-1.2759181641868957
6.68;-3.035338448071061;-0.9773027309888385
6.69;-3.1178920289295897;-0.6688823725267882
6.7;-3.1691908060376206;-0.35374875777119524
6.71;-3.188719727784552;-0.03506093337857713
6.72;-3.176282222483487;0.283986344066771
6.73;-3.1320021769643924;0.6001946345947858
6.74;-3.0563227026200916;0.9103938791182512
6.75;-2.9500017011951662;1.211474179984669
6.76;-2.8141042746907234;1.5004169792042625
6.7700000000000005;-2.6499920553968437;1.7743253217773136
6.78;-2.459309562942128;2.0304529007081116
6.79;-2.2439677250566064;2.2662315924987837
6.8;-2.006124727181445;2.4792972070419506
6.8100000000000005;-1.7481643828413427;2.6675131937248855
6.82;-1.4726722415546474;2.8289920660403953
6.83;-1.1824096737428347;2.962114329865658
6.84;-0.8802861923875547;3.0655447255906134
6.8500000000000005;-0.5693302888665555;3.138245621201416
6.86;-0.25265907530208104;3.1794874219820644
6.87;0.06655296227263585;3.188855892402362
6.88;0.3851057867015089;3.1662563167130866
6.890000000000001;0.69980588943931;3.1119144564593704
6.9;1.0074983056380504;3.0263742952331425
6.91;1.3050982436331744;2.9104925931931716
6.92;1.5896220117343258;2.7654303058638883
6.93;1.858216932262043;2.592640953161136
6.94;2.1081899429168462;2.393856055169126
6.95;2.3370345987191747;2.1710677806015957
6.96;2.5424562037857386;1.9265089818266703
6.97;2.722394820949477;1.6626308165389632
6.98;2.8750459284986256;1.3820781803613207
6.99;2.9988785168922645;1.0876631966096515
7.0;3.0926504439687683;0.7823370289373768
7.01;3.155420894642662;0.46916029939581305
7.0200000000000005;3.18655982010903;0.15127240843456774
7.03;3.1857542618519417;-0.1681399356185081
7.04;3.153011496980831;-0.4858746621256097
7.05;3.088658973283366;-0.7987464385130647
7.0600000000000005;2.993341034565643;-1.103618603648836
7.07;2.868012469027931;-1.397434614087156
7.08;2.7139289452740756;-1.6772486879195134
7.09;2.5326344317557536;-1.9402553390073234
7.1000000000000005;2.3259457256962426;-2.183817505487862
7.11;2.095934246518975;-2.405492990530047
7.12;1.8449052762333755;-2.6030589502292942
7.13;1.5753748548292792;-2.774534183101485
7.140000000000001;1.2900445622449843;-2.9181989976689056
7.15;0.9917744396668688;-3.0326124589050596
7.16;0.6835543215780284;-3.1166268405772213
7.17;0.3684738659124161;-3.169399138532138
7.18;0.049691582729640194;-3.190399529430719
7.19;-0.2695968281270799;-3.1794166900565295
7.2;-0.5861905129920975;-3.1365599237935387
7.21;-0.8969155528064909;-3.0622580728753612
7.22;-1.1986567823299947;-2.9572552272303354
7.23;-1.4883890211413784;-2.8226032728611843
7.24;-1.76320740332179;-2.6596513543827407
7.25;-2.0203565017434553;-2.4700323572786482
7.26;-2.257257954962603;-2.2556465453179095
7.2700000000000005;-2.471536319719581;-2.01864251709506
7.28;-2.661042889830489;-1.7613956725376265
7.29;-2.823877242635099;-1.4864844051918895
7.3;-2.9584062969411127;-1.1966642589024201
7.3100000000000005;-3.063280691346649;-0.8948403079137968
7.32;-3.1374483186812956;-0.5840380372395628
7.33;-3.1801648808118452;-0.2673730151852354
7.34;-3.1910013579263095;0.051980337971875346
7.3500000000000005;-3.1698483173394902;0.3708205720746469
7.36;-3.116917018545328;0.6859513009482228
7.37;-3.032737303357779;0.9942132462980144
7.38;-2.9181522922111887;1.2925159104023023
7.390000000000001;-2.7743099397099025;1.5778685600714097
7.4;-2.602651534004212;1.847410211242043
7.41;-2.4048972552099865;2.098438313586254
7.42;-2.1830289375753114;2.3284358475393216
7.43;-1.9392702081335027;2.5350965620591563
7.44;-1.6760642008869195;2.716348100062211
7.45;-1.3960490698762638;2.870372779650592
7.46;-1.1020315465618231;2.995625822739965
7.47;-0.7969588065550175;3.0908508482824475
7.48;-0.48388892769399766;3.155092474696537
7.49;-0.16596023558587397;3.187705905092454
7.5;0.15364015610130083;3.188363399125579
7.51;0.4717082952333523;3.1570575665198213
7.5200000000000005;0.7850555104091677;3.0941014491638867
7.53;1.0905403777735105;3.0001253908771504
7.54;1.3851002149723581;2.8760707261454135
7.55;1.6657817865120377;2.723180351017451
7.5600000000000005;1.9297709126812226;2.5429862706111597
7.57;2.1744206851789323;2.3372942479899814
7.58;2.397278006552036;2.1081657082321383
7.59;2.5961081873424896;1.857897079035774
7.6000000000000005;2.7689173543093544;1.5889967749063463
7.61;2.9139724450284423;1.304160055600879
7.62;3.029818588363388;1.0062420108200303
7.63;3.115293696503574;0.6982289419295913
7.640000000000001;3.169540122214015;0.38320842756958595
7.65;3.1920132643599035;0.06433837321033647
7.66;3.1824870353591375;-0.25518464509170563
7.67;3.141056135673171;-0.5721574254021609
7.68;3.0681351124545895;-0.8834022518424671
7.69;2.9644542117080697;-1.1857987518287136
7.7;2.831052065466658;-1.476315179240377
7.71;2.669265287215287;-1.752038809890841
7.72;2.4807150797901265;-2.0102051445629154
7.73;2.2672909899348843;-2.2482256268191136
7.74;2.0311319723032986;-2.4637135976785065
7.75;1.7746049526739314;-2.6545082269204436
7.76;1.5002811052185172;-2.8186961810532347
7.7700000000000005;1.2109100815871012;-2.95463081066982
7.78;0.9093924501121837;-3.060948664775181
7.79;0.5987506213841047;-3.136583166462523
7.8;0.28209855163093184;-3.180775312768621
7.8100000000000005;-0.03738947240408497;-3.193081291367871
7.82;-0.3565106541788517;-3.173376937670623
7.83;-0.6720657946750197;-3.121858987564385
7.84;-0.9808913644580831;-3.039043113159061
7.8500000000000005;-1.2798912189516989;-2.9257587611474576
7.86;-1.566067638971686;-2.7831408454465505
7.87;-1.8365513853214828;-2.612618377322149
7.88;-2.08863046612709;-2.41590014690339
7.890000000000001;-2.3197773284867935;-2.1949575995561643
7.9;-2.527674201799976;-1.952005078709704
7.91;-2.7102363386619466;-1.6894776331361578
7.92;-2.865632920282253;-1.4100066111042824
7.930000000000001;-2.99230541679127;-1.1163932860205357
7.94;-3.0889832183093673;-0.811580777911306
7.95;-3.154696380008951;-0.4986245521908127
7.96;-3.1887853533279875;-0.18066179142896355
7.97;-3.190907605704244;0.13912005286098006
7.98;-3.1610410623896246;0.45751521316709953
7.99;-3.0994843357609665;0.7713317433402265
8.0;-3.006853739748139;1.077423518199622
8.01;-2.884077119229436;1.3727217745834377
8.02;-2.732384556174945;1.6542658776334642
8.03;-2.5532960456307237;1.9192330038627914
8.040000000000001;-2.348606265016291;2.16496644340655
8.05;-2.1203665893505543;2.3890022376911464
8.06;-1.8708645326346869;2.5890938854377463
8.07;-1.6026008214277387;2.7632348692740263
8.08;-1.3182643303931973;2.90967877707043
8.09;-1.0207051310341884;3.0269568162243976
8.1;-0.7129059237565776;3.1138925452466943
8.11;-0.3979521396131252;3.1696136748961186
8.120000000000001;-0.07900101142544769;3.1935608204829506
8.13;0.24075007567997464;3.1854931175230807
8.14;0.5580956370538829;3.145490644367468
8.15;0.8698542233053603;3.0739536274402424
8.16;1.1729003149328578;2.971598436972505
8.17;1.464195657055444;2.8394504132943568
8.18;1.7408197200996025;2.678833595522341
8.19;1.9999989810513386;2.491357455534769
8.2;2.2391347316995587;2.278900770151961
8.21;2.455829135056257;2.0435927931312454
8.22;2.6479092686941;1.7877919156599635
8.23;2.813448913916626;1.5140620292122537
8.24;2.9507878722682683;1.2251468276745299
8.25;3.05854861567438;0.9239423063093304
8.26;3.1356501032269413;0.6134677332103458
8.27;3.181318626031841;0.29683538422159983
8.28;3.195095571323842;-0.0227806553026923
8.290000000000001;3.1768420279369534;-0.342176309158563
8.3;3.1267401868814124;-0.6581496304064656
8.31;3.045291522906359;-0.9675329009425746
8.32;2.9333117751975695;-1.2672243887284975
8.33;2.791922777448732;-1.554219444304612
8.34;2.622541219131027;-1.8256406248279622
8.35;2.426864450552576;-2.078766543616925
8.36;2.2068534739381205;-2.3110591559540983
8.370000000000001;1.96471329097302;-2.52018920756814
8.38;1.702870803761341;-2.704059590627601
8.39;1.4239504906797742;-2.860826373050597
8.4;1.1307481009213156;-2.988917290253321
8.41;0.8262026313913768;-3.087047513894186
8.42;0.5133668668450013;-3.1542325394638526
8.43;0.195376778564391;-3.1897980634510334
8.44;-0.12457991167353433;-3.1933867509902174
8.45;-0.44329568721418844;-3.164961826067913
8.46;-0.7575753913849088;-3.1048074482161545
8.47;-1.0642682592495998;-3.013525871836583
8.48;-1.3602995051370101;-2.89203141655244
8.49;-1.642701149266569;-2.7415413089559766
8.5;-1.908641774415834;-2.5635634874845397
8.51;-2.155454914292209;-2.3598814926055334
8.52;-2.380665788981301;-2.1325365937132847
8.53;-2.582016119407723;-1.8838073318465882
8.540000000000001;-2.7574867719953433;-1.616186683246583
8.55;-2.905318006460025;-1.3323570726308156
8.56;-3.0240271236908063;-1.035163486621659
8.57;-3.112423336734518;-0.7275849568194701
8.58;-3.1696197157327926;-0.4127046983619209
8.59;-3.1950420869903207;-0.09367920329683205
8.6;-3.188434796885052;0.2262934014186842
8.61;-3.1498632827587585;0.5440054141000961
8.620000000000001;-3.079713424934955;0.8562717153054715
8.63;-2.9786876862797333;1.1599616992224397
8.64;-2.8477980779260905;1.4520306593543009
8.65;-2.68835602160103;1.7295503138501385
8.66;-2.5019592101080113;1.9897381644409908
8.67;-2.290475597613372;2.229985394629587
8.68;-2.0560246801623463;2.447883027417776
8.69;-1.800956254019757;2.6412460802969218
8.700000000000001;-1.527826864719966;2.808135475297413
8.71;-1.2393741828666247;2.9468774843929224
8.72;-0.9384895635129993;3.0560805152576203
8.73;-0.6281890641696722;3.134649069032632
8.74;-0.31158321194556066;3.181794730104436
8.75;0.00815417712461075;3.19704407764847
8.76;0.3278178140038347;3.1802434395477666
8.77;0.6442030688885922;3.1315604409496443
8.78;0.9541380976391137;3.051482331856037
8.790000000000001;1.2545156403365219;2.940811110432845
8.8;1.5423241731781239;2.8006554908470287
8.81;1.8146781013969362;2.632419796074981
8.82;2.0688466904974496;2.4377898869549126
8.83;2.3022814457404537;2.218716268470393
8.84;2.5126416653587906;1.9773945425539958
8.85;2.6978179112873963;1.7162434033053469
8.86;2.855953162061494;1.4378803951600805
8.870000000000001;2.9854614357671947;1.1450956769781306
8.88;3.0850436962861716;0.8408240550165205
8.89;3.1537008833063926;0.5281155651128207
8.9;3.1907439354011427;0.21010489895661721
8.91;3.195800705619799;-0.11002001907828018
8.92;3.168819700183872;-0.42904998954486867
8.93;3.1100706027284657;-0.7437867096155315
8.94;3.0201415787532704;-1.0510748363403004
8.950000000000001;2.899933387225474;-1.347833620033926
8.96;2.7506503582859536;-1.6310877906563037
8.97;2.5737883274288933;-1.8979973875316176
8.98;2.371119647038587;-2.145886233336849
8.99;2.144675425469709;-2.3722687668740234
9.0;1.8967251716549582;-2.5748749655866243
9.01;1.629754049238021;-2.751673107924187
9.02;1.346437968199412;-2.900890147308368
9.03;1.0496167636275782;-3.0210294933917674
9.040000000000001;0.7422657304702636;-3.1108860222875663
9.05;0.4274657995891556;-3.1695581652231546
9.06;0.10837265406889435;-3.1964569543559542
9.07;-0.21181490463704555;-3.191311934991064
9.08;-0.5298870236129667;-3.154173884852404
9.09;-0.8426549769801422;-3.0854143130668454
9.1;-1.146983133401926;-2.985721743803497
9.11;-1.4398203921152661;-2.856094821744287
9.120000000000001;-1.7182307723291186;-2.6978323084240388
9.13;-1.9794228493098769;-2.512520069649007
9.14;-2.220777742028228;-2.302015184369774
9.15;-2.4398753717550643;-2.0684273342451025
9.16;-2.634518728320799;-1.8140976603983705
9.17;-2.802755900719032;-1.5415752992642986
9.18;-2.942899651141867;-1.253591832696074
9.19;-3.053544336155765;-0.953033908418407
9.200000000000001;-3.133580005316827;-0.6429143052607385
9.21;-3.1822035358163165;-0.32634173320275206
9.22;-3.19892669145751;-0.006489670955106608
9.23;-3.1835810250957333;0.31343544654542
9.24;-3.1363195753157127;0.6302263718222663
9.25;-3.0576153402569073;0.9407071974947262
9.26;-2.94825654380615;1.2417651955329432
9.27;-2.809338741533825;1.5303820239358934
9.28;-2.6422538454325664;1.8036639879695964
9.290000000000001;-2.448676177408444;2.058871052573005
9.3;-2.2305456912641013;2.2934443150509845
9.31;-1.9900485313026823;2.5050316626021396
9.32;-1.729595122385955;2.691511357419397
9.33;-1.4517960110320853;2.8510133128708954
9.34;-1.1594356996898354;2.9819378474097493
9.35;-0.8554447364504112;3.082971728141684
9.36;-0.5428703399539907;3.153101343146017
9.370000000000001;-0.22484585393961903;3.191622870425686
9.38;0.09544066237264764;3.1981493414675195
9.39;0.4147783932075364;3.1726145285229173
9.4;0.7299659540937904;3.115273616559549
9.41;1.0378434859792764;3.026700653067372
9.42;1.3353243338561174;2.9077828012041076
9.43;1.6194259923072476;2.7597114538124754
9.44;1.8873000077269588;2.583970297312688
9.450000000000001;2.136260537419593;2.3823204450534288
9.46;2.363811279237838;2.1567827890862024
9.47;2.567670501750269;1.9096177472169875
9.48;2.7457939239632165;1.6433026083058757
9.49;2.896395215173988;1.3605067028680247
9.5;3.0179639093849207;1.0640646478362856
9.51;3.1092805546216247;0.756947933658612
9.52;3.169428945214378;0.44223513852815644
9.53;3.1978053143411214;0.12308106831407789
9.540000000000001;3.1941243946008235;-0.19731486846160468
9.55;3.158422285781659;-0.5157407335793791
9.56;3.091056100994813;-0.8290042584896482
9.57;2.992700394640874;-1.1339648472966812
9.58;2.8643404079380015;-1.4275650625242853
9.59;2.707262199645883;-1.706861278005464
9.6;2.5230397608471073;-1.969053191580025
9.61;2.3135192428848694;-2.2115119017068356
9.620000000000001;2.0808004564997615;-2.4318062664867885
9.63;1.827215827568584;-2.6277272808043306
9.64;1.5553070203503079;-2.7973102271571673
9.65;1.2677994625328397;-2.938854378056412
9.66;0.9675750274145343;-3.050940052419414
9.67;0.6576431470355202;-3.13244285489877
9.68;0.3411106458104656;-3.1825449553278284
9.69;0.02115059704863037;-3.2007432951322357
9.700000000000001;-0.2990294854498364;-3.1868546383614373
9.71;-0.6162198018587309;-3.1410174166246465
9.72;-0.927240444511902;-3.06369034935565
9.73;-1.2289732772249076;-2.9556478531576813
9.74;-1.5183931961545512;-2.817972286169402
9.75;-1.7925984587907187;-2.6520431051231
9.76;-2.048839777009075;-2.459523043718413
9.77;-2.284547882495871;-2.2423414507989134
9.78;-2.497359288163283;-2.0026749552953316
9.790000000000001;-2.6851399872519996;-1.7429256517025267
9.8;-2.8460068524859925;-1.4656970247188141
9.81;-2.978346520695444;-1.1737678543466208
9.82;-3.0808315735266287;-0.8700643630053433
9.83;-3.15243385195953;-0.5576308838376537
9.84;-3.1924347710834975;-0.23959934422251244
9.85;-3.200432531650331;0.08084212960694986
9.86;-3.1763461560313844;0.40048117212394824
9.870000000000001;-3.1204163080388327;0.7161133818664669
9.88;-3.0332028883119917;1.0245744457610177
9.89;-2.91557942929433;1.3227718623634117
9.9;-2.768724345911517;1.6077159459810277
9.91;-2.5941091295838565;1.8765498008422743
9.92;-2.3934836038517098;2.1265779647964487
9.93;-2.168858389352806;2.3552934353576376
9.94;-1.9224847538702783;2.56040280711613
9.950000000000001;-1.6568320493893138;2.7398492684675775
9.96;-1.3745629622956095;2.891833227064171
9.97;-1.0785068247777143;3.014830357158411
9.98;-0.7716312549379847;3.1076068878503906
9.99;-0.4570124098782557;3.169231978904937
10.0;-0.1378041499383707;3.199087059998238
