0.0;-1.0 3.0
0.01;-1.4358849784580519 2.403911892208811
0.02;-1.8013886248320667 1.9099113983730096
0.03;-2.108435787556394 1.5005399659340406
0.04;-2.3669088433890706 1.1613277597599427
0.05;-2.5849973167076947 0.8802820547174737
0.06;-2.7694876508305852 0.6474632052718133
0.07;-2.9260033761447675 0.45463320066925733
0.08;-3.059204166119539 0.29496438049536783
0.09;-3.172950818780611 0.1627980123493673
0.1;-3.270441996526998 0.05344419623265403
0.11;-3.3543275586994237 -0.0369839786596556
0.12;-3.4268024937544084 -0.11170788807393808
0.13;-3.489684772004493 -0.1733972974044032
0.14;-3.5444798714026584 -0.22426478474050565
0.15;-3.592434257679538 -0.2661440005512892
0.16;-3.6345797096273387 -0.30055453085268913
0.17;-3.671770056658094 -0.328755657074826
0.18;-3.7047116275027907 -0.35179091329318996
0.19;-3.733988486577773 -0.370525016131769
0.2;-3.7600833502649333 -0.38567447298477847
0.21;-3.7833949226173367 -0.39783295070291014
0.22;-3.8042522634122102 -0.40749230164817485
0.23;-3.8229266965532127 -0.41505999048927017
0.24;-3.8396416798640374 -0.4208735378589238
0.25;-3.8545809852413817 -0.42521249152692403
0.26;-3.867895478398921 -0.42830834832879305
0.27;-3.879708737923203 -0.4303527776397978
0.28;-3.8901217123269287 -0.431504437135773
0.29;-3.899216579774053 -0.43189462181307536
0.3;-3.907059946962164 -0.43163194599031895
0.31;-3.913705500283985 -0.4308062238259946
0.32;-3.9191962030256042 -0.42949168554993195
0.33;-3.9235661163096163 -0.4277496431209985
0.34;-3.9268419081892345 -0.42563069955812904
0.35000000000000003;-3.9290441042743867 -0.4231765800585499
0.36;-3.9301881241330276 -0.42042164964552214
0.37;-3.930285140137334 -0.4173941710053257
0.38;-3.9293427891473094 -0.41411734698773217
0.39;-3.927365762221715 -0.4106101846311003
0.4;-3.9243562932342306 -0.40688821126333913
0.41000000000000003;-3.9203145636988395 -0.40296406800021284
0.42;-3.915239038146325 -0.39884800162792766
0.43;-3.909126741938708 -0.3945482722643946
0.44;-3.9019734913736506 -0.3900714912159831
0.45;-3.8937740842443653 -0.38542290097870907
0.46;-3.884522457622778 -0.3806066072873752
0.47000000000000003;-3.8742118184751773 -0.37562577142089765
0.48;-3.8628347517593777 -0.3704827695669606
0.49;-3.850383309856585 -0.3651793248845793
0.5;-3.8368490865315574 -0.35971661693793655
0.51;-3.8222232780679506 -0.3540953723748656
0.52;-3.8064967337726356 -0.3483159400603117
0.53;-3.789659997667225 -0.3423783533255514
0.54;-3.7717033428737805 -0.3362823815384786
0.55;-3.7526167999437003 -0.3300275728227569
0.56;-3.7323901801649666 -0.3236132894407543
0.5700000000000001;-3.7110130947057014 -0.3170387370958481
0.58;-3.6884749703051294 -0.31030298919475824
0.59;-3.664765062101268 -0.3034050069324209
0.6;-3.6398724640837985 -0.29634365591426964
0.61;-3.6137861175769244 -0.2891177199084177
0.62;-3.586494818087724 -0.2817259122188087
0.63;-3.5579872207980463 -0.2741668850863413
0.64;-3.5282518449303932 -0.26643923745529874
0.65;-3.4972770771787576 -0.25854152138466796
0.66;-3.4650511743626935 -0.25047224733607143
0.67;-3.431562265435778 -0.24222988853036562
0.68;-3.396798352957137 -0.23381288453208207
0.6900000000000001;-3.3607473141161273 -0.22521964419363846
0.7000000000000001;-3.323396901384783 -0.2164485480686574
0.71;-3.2847347428598823 -0.20749795038501637
0.72;-3.2447483423458534 -0.19836618065273381
0.73;-3.2034250792209815 -0.18905154496893845
0.74;-3.160752208122068 -0.17955232707151092
0.75;-3.1167168584766682 -0.1698667891841534
0.76;-3.0713060339070326 -0.15999317268832067
0.77;-3.024506611525718 -0.14992969865137915
0.78;-2.9763053411394105 -0.13967456823532992
0.79;-2.926688844374634 -0.12922596300626385
0.8;-2.8756436137366848 -0.11858204516126129
0.81;-2.8231560116111356 -0.10774095768658616
0.8200000000000001;-2.7692122692156755 -0.09670082445865026
0.8300000000000001;-2.7137984855086583 -0.08545975029725608
0.84;-2.6569006260596617 -0.07401582097899663
0.85;-2.5985045218864045 -0.062367103217339584
0.86;-2.5385958682616128 -0.05051164461480172
0.87;-2.4771602234927976 -0.0384474735916929
0.88;-2.41418300767736 -0.026172599295138054
0.89;-2.349649501435032 -0.01368501149144848
0.9;-2.283544844619271 -9.826804443851672E-4
0.91;-2.215854035008941 0.011936443218581701
0.92;-2.1465619269813567 0.025074428650275787
0.93;-2.075653230167577 0.03843336493664
0.9400000000000001;-2.003112508090624 0.052015361257193776
0.9500000000000001;-1.9289241767872192 0.06582254705213843
0.96;-1.8530725034134479 0.0798570721952984
0.97;-1.7755416048347141 0.09412110717222813
0.98;-1.6963154462002388 0.10861684326293258
0.99;-1.6153778395022949 0.12334649272874657
1.0;-1.532712442120318 0.13831228900299958
