0.0;1.0 1.0
0.1;1.1842892768079802 0.785785536159601
0.2;1.3231384755069933 0.5380562931822563
0.30000000000000004;1.4105496150885903 0.2663677596358666
0.4;1.4425184088650846 -0.018672441868855486
0.5;1.417214073307698 -0.3058175446546588
0.6000000000000001;1.3350741574529517 -0.5836242758001879
0.7000000000000001;1.1988097570011993 -0.8409077658891897
0.8;1.0133200087803678 -1.0671906910489422
0.9;0.7855183722030793 -1.2531286575209066
1.0;0.5240767513324087 -1.3908946076303847
1.1;0.23909685193674235 -1.4745064898889315
1.2000000000000002;-0.05827883298531772 -1.5000845435807324
1.3;-0.3563014814496285 -1.46602722184255
1.4000000000000001;-0.6430789531117782 -1.3730979158603043
1.5;-0.9070491520109494 -1.2244181257136888
1.6;-1.1374449458574782 -1.0253664149906039
1.7000000000000002;-1.3247319954400332 -0.7833862412650274
1.8;-1.4610017428326405 -0.5077094236010653
1.9000000000000001;-1.5403034198618908 -0.2090054440650694
2.0;-1.5589012115367729 0.10103015671137822
2.1;-1.5154455586927336 0.4101324655929739
2.2;-1.411050901951998 0.7059511821665191
2.3000000000000003;-1.2492758274711577 0.9765428529220441
2.4000000000000004;-1.0360054311786433 1.2108517843370397
2.5;-0.7792396203167946 1.3991603211079908
2.6;-0.48879486376210834 1.5334902057380755
2.7;-0.17593043328568725 1.6079385059379858
2.8000000000000003;0.1470866969491237 1.618934043553693
2.9000000000000004;0.46746153460060835 1.5654032920635257
3.0;0.7723766314292169 1.448838213841656
3.1;1.0495035977568306 1.2732623481702239
3.2;1.2875002063160823 1.0450954864500441
3.3000000000000003;1.476473094419479 0.7729213233494077
3.4000000000000004;1.6083872469608775 0.4671663902216949
3.5;1.6774053793722197 0.1397022022578439
3.6;1.6801429696070536 -0.19661426413963096
3.7;1.6158279134414706 -0.5284440339320644
3.8000000000000003;1.4863574750578779 -0.8424938745315187
3.9000000000000004;1.2962492321017294 -1.1260474880226292
4.0;1.0524869136837283 -1.3674789810819619
4.1000000000000005;0.764266235203551 -1.556727934989289
4.2;0.4426498775555074 -1.6857167244726508
4.3;0.10014447717970232 -1.7486928463425988
4.4;-0.24978426418152427 -1.7424818404787652
4.5;-0.5932396094911607 -1.6666398111745848
4.6000000000000005;-0.9164443058899199 -1.523498455400542
4.7;-1.2062918389352162 -1.3180997252932904
4.800000000000001;-1.4508764200257964 -1.058021629825252
4.9;-1.6399803344968262 -0.7531010419474151
5.0;-1.7654987665282915 -0.4150635482367395
5.1000000000000005;-1.8217845144209246 -0.05707418979526585
5.2;-1.8058980323214637 0.3067737599329224
5.300000000000001;-1.7177518686990965 0.6620121894164323
5.4;-1.560142678807407 0.994372042714585
5.5;-1.338668408768156 1.2903550047605312
5.6000000000000005;-1.061532809434053 1.5377801315236548
5.7;-0.7392439581489051 1.72628335018859
5.800000000000001;-0.3842177650592249 1.8477494154129441
5.9;-0.010301343907480304 1.8966584002901374
6.0;0.3677655245379733 1.8703320336479103
6.1000000000000005;0.7349299543166272 1.7690690470831436
6.2;1.0764238125112493 1.5961630180746713
6.300000000000001;1.3783561872471566 1.3578008217452529
6.4;1.6282767571572883 1.062844551691589
6.5;1.815687278696476 0.7225044514247141
6.6000000000000005;1.9324802512567152 0.34991482480028346
6.7;1.9732865180746764 -0.04037111291595902
6.800000000000001;1.935717014258135 -0.43294808577548743
6.9;1.8204879515673362 -0.8121652950636972
7.0;1.6314232762930385 -1.1627488251381313
7.1000000000000005;1.3753330748309565 -1.4704152261979444
7.2;1.0617715411097557 -1.722451688347086
7.300000000000001;0.7026829646868362 -1.9082393093061558
7.4;0.311948753710071 -2.019697995148154
7.5;-0.09514741171286646 -2.0516344476432806
7.6000000000000005;-0.5025157605817466 -2.0019783756190472
7.7;-0.8938947572113513 -1.8718963817931225
7.800000000000001;-1.2534986284382899 -1.66577775488054
7.9;-1.5666523711922187 -1.391091453280783
8.0;-1.8203887624390551 -1.0581187022135936
8.1;-2.003983155786267 -0.6795706365473541
8.200000000000001;-2.109404090762367 -0.2701051054585589
8.3;-2.131660882237591 0.15423907779496848
8.4;-2.0690332822145403 0.5766686788523594
8.5;-1.9231728654225435 0.980298971061406
8.6;-1.6990708081149586 1.3488269464252285
8.700000000000001;-1.404892010438985 1.6671880334322955
8.8;-1.051680848509124 1.922169937256438
8.9;-0.6529490203848245 2.1029586658657657
9.0;-0.224160762217783 2.20159426370505
9.1;0.21786503888780354 2.2133171547748023
9.200000000000001;0.6556127955790252 2.1367901733888064
9.3;1.0715625663528194 1.9741861748673681
9.4;1.4488894989557766 1.73113638409232
9.5;1.7721425166496463 1.4165401514960099
9.600000000000001;2.027874943095116 1.0422423260863272
9.700000000000001;2.205201407423612 0.6225898026204475
9.8;2.296258057759852 0.1738837396058109
9.9;2.296546742168693 -0.2862517248646306
10.0;2.205148255211845 -0.7395598903262036
