0.0;1.0;3.0
0.01;1.287;2.871
0.02;1.5583589999999998;2.714877
0.03;1.811548233;2.533450689
0.04;2.044244368881;2.328772907043
0.05;2.254350442989447;2.103104985453351
0.06;2.4400143321194343;1.8588932417428623
0.07;2.599644619730783;1.5987428904456096
0.08;2.7319237196875905;1.3253906441878058
0.09;2.8358181562653075;1.0416762894968563
0.1;2.910585927362843;0.7505135291316223
0.11;2.9557809074732453;0.4548603870313846
0.12;2.9712542767146197;0.15768947332121946
0.13;2.9571529918062742;-0.1380415948067401
0.14;2.913915344002344;-0.42941932504749386
0.15;2.842263677382619;-0.713602750853251
0.16;2.7431943682743207;-0.9878508274055977
0.17;2.6179651926784233;-1.2495485615906996
0.18;2.4680802331541596;-1.4962316300499565
0.19;2.2952724994476723;-1.7256092568317187
0.2;2.1014844580268552;-1.935585141708721
0.21;1.8888466844174232;-2.1242762516362927
0.22;1.659654868661256;-2.2900293108772547
0.23;1.4163454181977952;-2.4314348497659464
0.24;1.1614699138889886;-2.5473386976698684
0.25;0.8976686836807817;-2.6368508321681796
0.26;0.627643764459324;-2.699351523530895
0.27;0.3541315259851721;-2.7344947409770595
0.28;0.07987523136859148;-2.742208814639821
0.29;-0.19240219359443672;-2.7226943743989134
0.3;-0.46002491472398477;-2.676419613489075
0.31;-0.7203902073121633;-2.6041129507965097
0.32;-0.9709934873678961;-2.5067531907646403
0.33;-1.2094521183799165;-2.3855573036075723
0.34;-1.433527770253267;-2.2419659708518846
0.35000000000000003;-1.6411471236650708;-2.0776270618882924
0.36;-1.830420731555361;-1.8943772260265674
0.37;-1.9996598696164374;-1.6942218013423211
0.38;-2.147391229253163;-1.4793132562368707
0.39;-2.2723693293280816;-1.251928391978439
0.4;-2.373586546840666;-1.0144445444551744
0.41000000000000003;-2.4502806912733215;-0.7693150308733967
0.42;-2.5019400724170544;-0.5190440921286039
0.43;-2.5283060368136154;-0.2661615840380295
0.44;-2.5293729732652444;-0.013197670553101226
0.45;-2.505385812917349;0.23734223050568898
0.46;-2.4568350739681124;0.4830020036794496
0.47000000000000003;-2.384449524864166;0.7213986559654983
0.48;-2.28918656267494;0.9502451723673958
0.49;-2.172220424983818;1.1673721903485408
0.5;-2.0349283738894743;1.3707482905184534
0.51;-1.8788750093892528;1.5584987166283268
0.52;-1.7057948863491559;1.7289223553915796
0.53;-1.517573624301898;1.8805068255862303
0.54;-1.3162277123258423;2.011941546136256
0.55;-1.1038832221350945;2.1221286741951517
0.56;-0.8827536511684235;2.2101918264445746
0.5700000000000001;-0.6551171238387264;2.2754825196458026
0.58;-0.42329318315540476;2.3175842897093784
0.59;-0.18961940664262225;2.33631447194467
0.6;0.0435719201463263;2.3317236484828427
0.61;0.27397684214466445;2.304092791903528
0.62;0.49934226012166705;2.253928156612171
0.63;0.7174877250250553;2.1819539912940042
0.64;0.9263262929129112;2.0891031666035835
0.65;1.123884243477537;1.9765058319391695
0.66;1.3083194784047394;1.8454762335155017
0.67;1.4779384307387267;1.6974978428182774
0.68;1.6312113328703488;1.5342069597469608
0.6900000000000001;1.7667857085565943;1.3573749681953267
0.7000000000000001;1.8834979733223658;1.1688894333662705
0.71;1.980383047492403;0.9707342396736935
0.72;2.0566819067451747;0.7649689755752087
0.73;2.1118470162596688;0.5537077770516843
0.74;2.145545616025189;0.3390978446714602
0.75;2.1576608464874116;0.1232978502382519
0.76;2.1482907251961243;-0.0915435520663844
0.77;2.117745006289591;-0.30330889834013686
0.78;2.0665399752910214;-0.509932564979405
0.79;1.9953912516051502;-0.709420696883422
0.8;1.9052046900976398;-0.8998702238234977
0.81;1.7970654910381372;-1.079486785904929
0.8200000000000001;1.6722256443231678;-1.2466014016586553
0.8300000000000001;1.5320898491157293;-1.3996857264300624
0.84;1.3782000637079959;-1.537365764228219
0.85;1.212218852412322;-1.6584339128930283
0.86;1.035911706511789;-1.7618592401529178
0.87;0.8511285246715323;-1.8467959066960558
0.88;0.6597844446619074;-1.9125896715715769
0.89;0.46384022272970227;-1.95878243487739
0.9;0.2652823594495436;-1.9851147925788566
0.91;0.06610317138974134;-1.9915265982385728
0.92;-0.1317189935497748;-1.9781555462237714
0.93;-0.3262392026904304;-1.9453338104001061
0.9400000000000001;-0.5155648578931367;-1.8935827912297525
0.9500000000000001;-0.6978739056459509;-1.8236060423860345
0.96;-0.8714321647857088;-1.736280465303225
0.97;-1.034609609202871;-1.6326458763364076
0.98;-1.1858954548681466;-1.5138930662619592
0.99;-1.323911913879399;-1.381350485567393
1.0;-1.447426492811777;-1.2364697012376586
1.01;-1.5553627283061875;-1.0808097814369162
1.02;-1.6468092693853804;-0.9160207735202345
1.03;-1.7210272332700298;-0.7438264481158795
1.04;-1.7774557793008017;-0.5660064875409877
1.05;-1.8157158637743513;-0.3843783005147985
1.06;-1.835612156887573;-0.2007786469959897
1.07;-1.8371331213713002;-0.01704525699416007
1.08;-1.820449270600009;0.16500137459154027
1.09;-1.7859096418094464;0.3435758386350258
1.1;-1.7340365373664843;0.5169451347878107
1.11;-1.6655186036488263;0.6834453006392145
1.12;-1.5812023328490559;0.8414971893940562
1.1300000000000001;-1.4820820877705538;0.9896212484521721
1.1400000000000001;-1.3692887632960833;1.1264511626569353
1.1500000000000001;-1.244077210560086;1.2507462385966783
1.16;-1.107812560833414;1.36140242005616
1.17;-0.9619555956395199;1.4574618393781065
1.18;-0.8080473175846922;1.538120824952638
1.19;-0.6476928827385341;1.6027363011439961
1.2;-0.4825450600978931;1.650830533523671
1.21;-0.31428738667807077;1.6820941891381258
1.22;-0.1446171880866156;1.6963876985278736
1.23;0.024771365948510038;1.69374092316317
1.24;0.19220400368217877;1.6743511487026357
1.25;0.35604272736691794;1.6385794408510737
1.26;0.5147016647375051;1.586945416433238
1.27;0.6666622443170206;1.5201204974598925
1.28;0.8104875511223798;1.4389197302979087
1.29;0.9448357289106489;1.3442922654338139
1.3;1.06847230589949;1.2373106056173215
1.31;1.18028133279661;1.119158741277099
1.32;1.2792752348550767;0.9911193019174636
1.33;1.3646032933963548;0.8545598606476363
1.34;1.4355586866665073;0.7109185359949208
1.35;1.4915840348633393;0.5616890406549874
1.36;1.5322754095395497;0.4084053307969669
1.37;1.5573847831930538;0.2526260119445818
1.3800000000000001;1.5668209105436368;0.09591865828902363
1.3900000000000001;1.5606486486088138;-0.06015579843768665
1.4000000000000001;1.5390867380773947;-0.21405845666558238
1.41;1.502504083486728;-0.3642874591685886
1.42;1.4514145841941706;-0.5093924888420889
1.43;1.3864705819568621;-0.6479886077888909
1.44;1.3084550039661933;-0.7787693093247313
1.45;1.218272292303383;-0.9005186616241372
1.46;1.1169382218795596;-1.0121224319459308
1.47;1.0055687188981168;-1.1125780915925478
1.48;0.8853678006414734;-1.201003613847536
1.49;0.7576147648641526;-1.2766449899725665
1.5;0.623650763208227;-1.3388824017943919
1.51;0.48486489779849995;-1.3872350033340624
1.52;0.34267998349044276;-1.4213642781827733
1.53;0.19853812011544378;-1.4410759537664994
1.54;0.0538862194914059;-1.4463204681202635
1.55;-0.08983836904741427;-1.43719199916871
1.56;-0.23122199327464243;-1.413926080641329
1.57;-0.3688884553253876;-1.376895842500726
1.58;-0.5015122591797057;-1.3266069269985055
1.59;-0.6278312223607606;-1.2636911440697296
1.6;-0.7466583334000563;-1.188898941615317
1.61;-0.8568927452859721;-1.1030907771925582
1.62;-0.9575298047751757;-1.0072274876373215
1.6300000000000001;-1.0476700280035187;-0.9023597620882059
1.6400000000000001;-1.126526944170216;-0.7896168316949754
1.6500000000000001;-1.1934337410663163;-0.6701944959051743
1.6600000000000001;-1.2478486587502653;-0.5453426105805572
1.67;-1.289359090610238;-0.41635216725847535
1.68;-1.3176843642627245;-0.28454209561547705
1.69;-1.3326771880860295;-0.15124592259731254
1.7;-1.3343237625423032;-0.017798421750822496
1.71;-1.3227425686702117;0.11447761495837377
1.72;-1.2981818591026306;0.244284353107141
1.73;-1.2610158895539973;0.37036151362723
1.74;-1.2117399408093616;0.4914984715568035
1.75;-1.1509641927171446;0.6065457409813623
1.76;-1.0794065224328182;0.7144257386505459
1.77;-0.9978843090820859;0.8141427269848895
1.78;-0.9073053360197609;0.9047918463141671
1.79;-0.8086578898744607;0.9855671561169818
1.8;-0.703000162520135;1.0557686156533836
1.81;-0.5914490679452487;1.114807945586343
1.82;-0.4751685906527482;1.1622133238570593
1.83;-0.3553577856843718;1.1976328810931107
1.84;-0.23323855259931014;1.2208369730649324
1.85;-0.11004330673988873;1.2317192200416147
1.86;0.012997329111630027;1.2302963152084476
1.87;0.13466669102615006;1.2167066164743117
1.8800000000000001;0.2537739791468454;1.1912075478979798
1.8900000000000001;0.36916578659727695;1.1541718484834622
1.9000000000000001;0.47973714173116694;1.1060827171254972
1.9100000000000001;0.5844419593092796;1.0475279129228567
1.92;0.6823028030955496;0.9791928798220095
1.93;0.772419870166973;0.90185297351733
1.94;0.8539791158435189;0.8163648766356263
1.95;0.9262594474720107;0.7236572954007616
1.96;0.9886389252419661;0.624721037147025
1.97;1.0405999186671018;0.5205985731766001
1.98;1.0817331782249142;0.41237319549679097
1.99;1.1117407927968475;0.3011578788975565
2.0;1.130438014879737;0.18808396162169305
2.0100000000000002;1.1377539469314872;0.07428975853238215
2.02;1.1337310935568783;-0.0390907797991589
2.0300000000000002;1.1185237954211928;-0.15093925026329827
2.04;1.0923955716909144;-0.2601637135073634
2.05;1.0557154083367764;-0.3657092379696903
2.06;1.0089530396944093;-0.46656797101533426
2.07;0.9526732801669471;-0.5617886422349274
2.08;0.8875294717840198;-0.6504854105491059
2.09;0.814256121421818;-0.7318459741502328
2.1;0.7336608087667268;-0.8051388704294904
2.11;0.64661545250654;-0.8697199017931014
2.12;0.5540470277039575;-0.9250376325733178
2.13;0.45692783180215946;-0.9706379119902765
2.14;0.3562654001971005;-1.0061673882187876
2.15;0.25309217476146956;-1.0313759889561127
2.16;0.14845503010719968;-1.046118354367937
2.17;0.04340476272370192;-1.0503542188048705
2.18;-0.06101435256521727;-1.0441477481264683
2.19;-0.16377483610408547;-1.027665849741247
2.2;-0.26387600686742807;-1.00117548246953
2.21;-0.36035361956323725;-0.9650400029649594
2.22;-0.45228904366113587;-0.9197145945985493
2.23;-0.5388178980897809;-0.8657408333301113
2.24;-0.6191380616085641;-0.8037404530859219
2.25;-0.6925169858479847;-0.7344083804558148
2.2600000000000002;-0.7582982456546306;-0.6585051150523061
2.27;-0.8159072695882625;-0.5768485375819746
2.2800000000000002;-0.8648562021129954;-0.4903052325169169
2.29;-0.9047478581110402;-0.39978141618256113
2.3000000000000003;-0.9352787397320034;-0.3062135640677425
2.31;-0.9562410951773899;-0.21055883319359675
2.32;-0.967524008711782;-0.11378537643909918
2.33;-0.969113520892135;-0.01686264581224177
2.34;-0.9610917876186256;0.07924821921420201
2.35;-0.9436352960402333;0.17360382399630392
2.36;-0.9170121645041969;0.265287680064324
2.37;-0.8815785625327868;0.35341900754959626
2.38;-0.8377742951600489;0.4371610951648462
2.39;-0.7861176037871286;0.5157291394340426
2.4;-0.727199242945287;0.5883974908146279
2.41;-0.661675898925186;0.654506240958065
2.42;-0.5902630220810857;0.7134670925420777
2.43;-0.5137271496986091;0.7647684608026845
2.44;-0.43287780058215725;0.8079797640148199
2.45;-0.3485590259388685;0.8427548686323052
2.46;-0.26164070368488157;0.8688346635139301
2.47;-0.1730096649601537;0.8860487465435941
2.48;-0.08356074240273632;0.8943162159092134
2.49;0.005812170396303176;0.8936455672479922
2.5;0.09422495984989138;0.8841337067062782
2.5100000000000002;0.18081194721531402;0.8659640986140762
2.52;0.2647342735059544;0.8394040748536193
2.5300000000000002;0.3451879341814032;0.8048013410279936
2.54;0.42141138760136054;0.7625797221337548
2.5500000000000003;0.4926926662165887;0.7132341975398826
2.56;0.5583759251108712;0.6573252816090415
2.57;0.6178673687390576;0.5954728122069748
2.58;0.6706405034601575;0.5283492145797384
2.59;0.71624067066895;0.4566723125913854
2.6;0.7542888229088077;0.38119776306924547
2.61;0.7844845132235749;0.30271119197058105
2.62;0.8066080760964267;0.2220201132417413
2.63;0.8205219865463949;0.13994571257577765
2.64;0.8261713922259329;0.05731457878192678
2.65;0.8235838216030844;-0.02504953483625985
2.66;0.8128680794382639;-0.10633383782660262
2.67;0.7942123486990476;-0.18574443931272472
2.68;0.7678815257200974;-0.26251401744080316
2.69;0.7342138227362569;-0.33590914831268476
2.7;0.6936166788259386;-0.40523722528044737
2.71;0.6465620267349149;-0.4698529042314108
2.72;0.5935809689486561;-0.5291640158358533
2.73;0.5352579216914201;-0.5826368916034117
2.74;0.4722242902057681;-0.6298010569348281
2.75;0.4051517426671625;-0.6702532510958509
2.7600000000000002;0.3347451533820016;-0.7036607411089415
2.77;0.2617352884783964;-0.7297639038826702
2.7800000000000002;0.18687130910922806;-0.7483780584032047
2.79;0.1109131682362185;-0.7593945374209863
2.8000000000000003;0.03462397734917866;-0.7627809957021621
2.81;-0.041237580998827184;-0.7585809595027091
2.82;-0.11592472017960712;-0.7469126293887981
2.83;-0.18870982328730207;-0.727966955797129
2.84;-0.2588914536783448;-0.7020050137337148
2.85;-0.32580103550119915;-0.6693547096822215
2.86;-0.3888091414047271;-0.6304068600707806
2.87;-0.44733132913768714;-0.5856106864710048
2.88;-0.5008334738069398;-0.5354687780216637
2.89;-0.5488365480930151;-0.48053157633456
2.9;-0.5909208086692064;-0.4213914423100059
2.91;-0.626729353371205;-0.3586763678286544
2.92;-0.6559710202525297;-0.29304339816661856
2.93;-0.6784226064684997;-0.22517183317995193
2.94;-0.6939303918886299;-0.15575627680777093
2.95;-0.7024109593737129;-0.08549960524271885
2.96;-0.703851310699005;-0.015105924212294092
2.97;-0.698308284089032;0.05472641478903034
2.98;-0.6859072861840276;0.12331167076595421
2.99;-0.6668403579163579;0.1899833753905134
3.0;-0.6413636001735334;0.2541007370703277
3.0100000000000002;-0.6097939912018356;0.31505472611680424
3.02;-0.5725056334042536;0.3722737839846179
3.0300000000000002;-0.529925472455734;0.42522910385179286
3.04;-0.4825285364498491;0.4734394345863926
3.0500000000000003;-0.43083274706129776;0.5164753653490637
3.06;-0.3753933584211275;0.5539630536546415
3.0700000000000003;-0.3167970825251067;0.5855873656017867
3.08;-0.2556559625052787;0.6110944031157544
3.09;-0.19260105697176624;0.6302933993726194
3.1;-0.12827599986415927;0.643057970019098
3.11;-0.06333050083362697;0.6493267143054589
3.12;0.0015861488909497262;0.6491031667449333
3.13;0.06583150090978862;0.64245510633728
3.14;0.12877624142808147;0.6295132366838381
3.15;0.18981028944550063;0.6104692564156197
3.16;0.24834864293619197;0.585573345196359
3.17;0.3038369176812696;0.5551310960937124
3.18;0.3557565270177344;0.5194999302823295
3.19;0.4036294548455077;0.4790850348047505
3.2;0.44702257874272294;0.43433486842699776
3.21;0.4855515049295685;0.3857362844471982
3.22;0.5188838820405455;0.3338093226146989
3.23;0.5467421661589952;0.2791017250665379
3.24;0.5689058152789925;0.222183233366132
3.25;0.5852128972294497;0.1636397253198504
3.2600000000000002;0.5955611010638204;0.10406725124093638
3.27;0.599908147926035;0.04406602972320879
3.2800000000000002;0.5982716033893722;-0.015765537218700762
3.29;0.5907280991708271;-0.0748367705820616
3.3000000000000003;0.5774119778914948;-0.1325704846941529
3.31;0.5585133801278587;-0.18840856565846933
3.3200000000000003;0.5342757983263916;-0.24181730463454265
3.33;0.504993127184308;-0.29229243562251
3.34;0.4710062447858364;-0.3393638308575314
3.35;0.4326991630830824;-0.3825998107827539
3.36;0.39049479018475897;-0.42161102982015153
3.37;0.34485035033071637;-0.45605390375024113
3.38;0.2962525103561353;-0.48563354939547965
3.39;0.24521226386242148;-0.5101062124267822
3.4;0.1922596261935458;-0.5292811644248941
3.41;0.13793819465354584;-0.5430220557738062
3.42;0.08279962918540357;-0.5512477164867692
3.43;0.02739810896135938;-0.5539324026112564
3.44;-0.027715179986768604;-0.5511054913723185
3.45;-0.08199747183276045;-0.5428506336399052
3.46;-0.13491970984478346;-0.5293043775920628
3.47;-0.18597164612794986;-0.5106542825415087
3.48;-0.23466670363827974;-0.4871365467494266
3.49;-0.28054655473009016;-0.4590331776217426
3.5;-0.3231853737673418;-0.4266687369272463
3.5100000000000002;-0.36219372498546576;-0.39040669755500695
3.52;-0.39722205079355677;-0.3506454518058958
3.5300000000000002;-0.4279637300144049;-0.3078140142592747
3.54;-0.45415768012592905;-0.26236746484525586
3.5500000000000003;-0.4755904823443501;-0.21478217986433631
3.56;-0.4920980133274759;-0.16555090031360228
3.5700000000000003;-0.5035665723252477;-0.11517768799104613
3.58;-0.5099334977131088;-0.06417282045093614
3.59;-0.5111872719606204;-0.013047675972829006
3.6;-0.5073671191623242;0.037690340711000705
3.61;-0.49856210424031194;0.08754278210096081
3.62;-0.4849097477699137;0.1360250025997421
3.63;-0.4665941750348401;0.18267081760296613
3.64;-0.44384382234179803;0.22703693275538564
3.65;-0.41692872777559686;0.2687071018396698
3.66;-0.38615743741571357;0.3072959748710572
3.67;-0.35187356152932175;0.34245260142650225
3.68;-0.3144520183728048;0.3738635580036401
3.69;-0.27429500594671635;0.40125567224251135
3.7;-0.23182774433524056;0.42439832110881115
3.71;-0.18749403310211585;0.44310528458691184
3.72;-0.14175166959699043;0.4572361410181522
3.73;-0.09506777494022345;0.4666971948980727
3.74;-0.04791407489591201;0.4714419326681741
3.75;-7.621828128036578E-4;0.47147100675618764
3.7600000000000002;0.04592106868418696;0.4668317527870933
3.77;0.09167820152326733;0.4576172494594879
3.7800000000000002;0.13606552720452397;0.44396493501408957
3.79;0.1786574004988736;0.4260547984707008
3.8000000000000003;0.21905025154248425;0.40410716783660533
3.81;0.2568663586428833;0.37838012125553333
3.8200000000000003;0.2917573270607523;0.34916655053733253
3.83;0.3234072422933407;0.3167909096529447
3.84;0.35153546992604884;0.28160568356937454
3.85;0.3758990779001564;0.24398761521100196
3.86;0.39629486102704403;0.20433373034677643
3.87;0.41256095172110446;0.1630572018016313
3.88;0.4245780051822549;0.12058309556322563
3.89;0.4322699515911917;0.07734404209455015
3.9;0.43560431224264023;0.03377587646607667
3.91;0.43459208089035545;-0.009686709210605486
3.92;0.42928717586960197;-0.05261445812664462
3.93;0.4197854727563681;-0.09458774395646877
3.94;0.40622343137711403;-0.13520062831978452
3.95;0.3887763348596842;-0.17406474174292097
3.96;0.3676561620785382;-0.2108129514766005
3.97;0.34310911826156937;-0.2451027820076098
3.98;0.3154128516602003;-0.27661955689542905
3.99;0.2848733870109508;-0.3050792336408346
4.0;0.25182180901039863;-0.3302309066185104
4.01;0.21661073116506213;-0.35185895664435474
4.0200000000000005;0.1796105871456204;-0.36978482946325236
4.03;0.1412057831573022;-0.38386842929603626
4.04;0.10179075082542158;-0.3940091175356488
4.05;0.06176594068113812;-0.40014631069200907
4.0600000000000005;0.02153379651581784;-0.40225967571252164
4.07;-0.01850524934487998;-0.4003689248104624
4.08;-0.05795672040766696;-0.3945332158772146
4.09;-0.09643594157543454;-0.38485016839808345
4.1;-0.13357174883109046;-0.3714545084981346
4.11;-0.1690100276840949;-0.3545163602788753
4.12;-0.2024170470748626;-0.33423920393536116
4.13;-0.23348255779371474;-0.31085752423559615
4.14;-0.2619226271151016;-0.28463417577166245
4.15;-0.28748218424534516;-0.25585749392955076
4.16;-0.3099372543019172;-0.2248381827499661
4.17;-0.3290968618511447;-0.19190601274657662
4.18;-0.3448045884945443;-0.15740636329584753
4.19;-0.35693977257588777;-0.12169664540192918
4.2;-0.36541834274491986;-0.08514264146289699
4.21;-0.37019328082229747;-0.04811479911652095
4.22;-0.37125471312661007;-0.010984516323948292
4.23;-0.36862963311141483;0.02587954543882559
4.24;-0.362381261781857;0.0621150836624674
4.25;-0.35260805588145416;0.09736967774224657
4.26;-0.3394423772261572;0.13130417849708806
4.2700000000000005;-0.32304883978268395;0.16359593205750675
4.28;-0.30362235411116395;0.1939418078754174
4.29;-0.28138589159038596;0.22206100285366845
4.3;-0.2565879933919689;0.24769759609257996
4.3100000000000005;-0.2295000514448838;0.2706228314774591
4.32;-0.20041339061416652;0.29063710825572797
4.33;-0.1696361829907078;0.3075716628439732
4.34;-0.13749022653924736;0.3212899283316135
4.3500000000000005;-0.10430762136902515;0.3316885614756829
4.36;-0.07042737756924229;0.3386981303764595
4.37;-0.03619198888628038;0.3422834594520499
4.38;-0.0019440065116646324;0.34244363175727116
4.39;0.03197735309742186;0.3392116520843532
4.4;0.06523953312279862;0.33265377760686493
4.41;0.09751986177465027;0.32286852605163924
4.42;0.12850864723601607;0.30998537447543245
4.43;0.15791211283672374;0.2941631646543125
4.44;0.18545514500913346;0.27558823383693376
4.45;0.21088382870889857;0.2544722921426602
4.46;0.23396774734393294;0.23105007017905266
4.47;0.2545020268182198;0.20557676249021278
4.48;0.27230910603656866;0.1783252942103069
4.49;0.28724021910302333;0.14958343977058353
4.5;0.2991765774492809;0.11965082368167838
4.51;0.30803024321927425;0.08883583427738279
4.5200000000000005;0.3137446883805424;0.0574524818559008
4.53;0.3162950372004712;0.025817232887668087
4.54;0.3156879928843456;-0.005754148124055246
4.55;0.3119614522912207;-0.036949717938364914
4.5600000000000005;0.3051838156924104;-0.06746440453581212
4.57;0.2954530014864409;-0.09700295824400262
4.58;0.28289517860542024;-0.12528277580872024
4.59;0.26766323201430275;-0.15203657073256965
4.6000000000000005;0.24993497919163532;-0.17701486499465993
4.61;0.22991115776524762;-0.19998827928468524
4.62;0.2078132065384113;-0.2207496011105979
4.63;0.18388086396307798;-0.23911561254679464
4.64;0.15836960968131453;-0.2549286619536714
4.65;0.13154797605108792;-0.26805796669258486
4.66;0.10369475758801114;-0.2784006366547167
4.67;0.07509614698331407;-0.28588241128938263
4.68;0.04604282679583205;-0.2904581057278369
4.69;0.016827046060817873;-0.2921117645233459
4.7;-0.012260289087601552;-0.2908565244381334
4.71;-0.040932482116100746;-0.28673419057407956
4.72;-0.06890984216177362;-0.2798145329388448
4.73;-0.09592238250110152;-0.27019431323544074
4.74;-0.12171239568639913;-0.2579960542354773
4.75;-0.14603688109884738;-0.243366566520169
4.76;-0.16866980237335563;-0.22647524962618143
4.7700000000000005;-0.18940415406261404;-0.2075121866949574
4.78;-0.2080538190047887;-0.18668605357580903
4.79;-0.2244552001187459;-0.16422186495857685
4.8;-0.23846861274845754;-0.14035858149723524
4.8100000000000005;-0.24997942618919924;-0.11534660302016558
4.82;-0.25889894562630367;-0.0894451737972332
4.83;-0.2651650283759667;-0.0629197264422568
4.84;-0.26874243100999046;-0.03603919136861352
4.8500000000000005;-0.2696228866453833;-0.00907329878493833
4.86;-0.26782491435863837;0.017710099980804004
4.87;-0.2633933653169524;0.044047665502501165
4.88;-0.25639871277903525;0.06968313201385444
4.89;-0.24693609558187332;0.09436977325884038
4.9;-0.2351241270734294;0.11787274898885744
4.91;-0.22110348365279822;0.13997131007923838
4.92;-0.20503528911842564;0.16046084186007303
4.93;-0.18709931288309414;0.17915472706419644
4.94;-0.16749200177490775;0.1958860117689808
4.95;-0.14642436659202956;0.21050885982700684
4.96;-0.12411974580323559;0.2228997835213477
4.97;-0.10081146977658981;0.23295864052065454
4.98;-0.07674044966727911;0.2406093896233304
4.99;-0.05215271559789661;0.24580060024415773
5.0;-0.027296929017746024;0.2485057130859079
5.01;-0.0024218941320636803;0.2487230519278057
5.0200000000000005;0.022225906950109724;0.24647558892760194
5.03;0.04640473118444122;0.24181046825026506
5.04;0.06987992022937305;0.23479829518050271
5.05;0.09242615224994909;0.22553220012598976
5.0600000000000005;0.11382957853992258;0.2141266890519849
5.07;0.13388982497066987;0.20071629388601273
5.08;0.15242183981567842;0.18545403827505627
5.09;0.1692575712067522;0.16850973575055356
5.1000000000000005;0.18424745933398948;0.15006813884357956
5.11;0.19726173048616397;0.1303269589810788
5.12;0.20819148212042912;0.10949477807313777
5.13;0.21694955032846547;0.08778887356248391
5.14;0.2234711533078667;0.06543297934434099
5.15;0.2277143067298778;0.04265500537341878
5.16;0.2296600091945475;0.019684738953426685
5.17;0.22931219825899127;-0.0032484493463677856
5.18;0.22669747979111093;-0.025917872480544245
5.19;0.22186463561762595;-0.04810174425505879
5.2;0.21488391658019887;-0.06958532573865317
5.21;0.2058461301662702;-0.09016298022270633
5.22;0.19486153382255958;-0.10964011730694001
5.23;0.1820585468709469;-0.12783500798230402
5.24;0.16758229561198934;-0.14458045404270473
5.25;0.15159300770564169;-0.15972529676786462
5.26;0.13426427324856666;-0.1731357515630445
5.2700000000000005;0.11578119111133958;-0.18469655709902216
5.28;0.09633842004742299;-0.19431192944805456
5.29;0.07613815483159136;-0.2019063137382689
5.3;0.055388048223186825;-0.20742492792921374
5.3100000000000005;0.034299099875962795;-0.2108340954240171
5.32;0.013083533430225471;-0.21212136535749723
5.33;-0.008047317074469013;-0.21129542151351458
5.34;-0.028885090633562267;-0.208385782908007
5.3500000000000005;-0.04922643223511934;-0.20344230110620426
5.36;-0.06887495572228237;-0.1965344613038654
5.37;-0.08764311783414222;-0.1877504960743208
5.38;-0.10535398576715856;-0.1771963224479975
5.39;-0.12184288183183872;-0.1649943146325688
5.4;-0.13695889016214466;-0.15128192618489109
5.41;-0.15056621195282743;-0.13621017679698985
5.42;-0.16254535733620115;-0.11994202004569003
5.43;-0.17279416374736245;-0.10265060946894922
5.44;-0.1812286324473148;-0.08451748116327085
5.45;-0.18778357675800547;-0.06573067173935397
5.46;-0.19241307749262146;-0.04648279092291789
5.47;-0.19509074301906412;-0.026969068341919186
5.48;-0.1958097733547235;-0.0073853940996126445
5.49;-0.1945828296370379;0.012073627403501107
5.5;-0.1914417122277209;0.03121659126353285
5.51;-0.18643685257035394;0.04985715486144189
5.5200000000000005;-0.17963662571336766;0.06781583171729251
5.53;-0.17112649211622202;0.08492169934574298
5.54;-0.16100797895983124;0.10101400507179153
5.55;-0.14939751266812556;0.11594365493809691
5.5600000000000005;-0.1364251157025727;0.1295745721428604
5.57;-0.1222329819034038;0.1417849128759865
5.58;-0.1069739457096471;0.1524681289556636
5.59;-0.09080986148593993;0.16153386829136204
5.6000000000000005;-0.07390990991023569;0.16890870589555648
5.61;-0.05644884892747323;0.17453669991771426
5.62;-0.03860522714634479;0.17837976896235697
5.63;-0.020559577747608002;0.18041788876022152
5.64;-0.002492610982869993;0.1806491080696325
5.65;0.015416576825852325;0.17908938547624031
5.66;0.032992260219741595;0.17577225051571854
5.67;0.05006379041860032;0.17074829424880694
5.68;0.0664672336450462;0.16408449605487743
5.69;0.0820469264180286;0.15586339496346907
5.7;0.09665693325523175;0.14618211529844954
5.71;0.11016239333722594;0.1351512577531971
5.72;0.1224407439214202;0.12289366823527978
5.73;0.13338280963749868;0.10954309790470639
5.74;0.14289374823368964;0.09524276877154694
5.75;0.1508938448597359;0.0801438600086962
5.76;0.15731914855199947;0.06440393076749537
5.7700000000000005;0.1621219462124615;0.04818529575317247
5.78;0.16527107102990096;0.03165337012060705
5.79;0.16675204396154206;0.014975000387440787
5.8;0.1665670485602833;-0.0016832019686262856
5.8100000000000005;0.16473474107978645;-0.01815650775640807
5.82;0.1612898994011042;-0.03428368204574285
5.83;0.1562829158845646;-0.04990854526599474
5.84;0.14977914074438547;-0.06488146848590669
5.8500000000000005;0.14185808395683686;-0.07906078873474179
5.86;0.13261248503252904;-0.09231413115912122
5.87;0.12214726119745074;-0.10451962586575039
5.88;0.11057834562476694;-0.11556700846564051
5.89;0.09803142833042086;-0.12535859459783605
5.9;0.08464061318193089;-0.13381012005656936
5.91;0.0705470051645112;-0.14085143956101484
5.92;0.05589724259632563;-0.1464270786766913
5.93;0.04084198938136993;-0.15049663490696064
5.94;0.02553440263176713;-0.15303502550664666
5.95;0.01012859108029144;-0.15403258111212514
5.96;-0.005221920360611865;-0.15349498581795273
5.97;-0.020365704752983067;-0.15144306584407263
5.98;-0.03515491122401643;-0.1479124304150866
5.99;-0.049446692722869834;-0.1429529698997581
6.0;-0.06310456981571719;-0.1366282176211964
6.01;-0.07599971766205846;-0.12901458303322844
6.0200000000000005;-0.0880121642057275;-0.12020046515435237
6.03;-0.0990318886139511;-0.11028525624644182
6.04;-0.10895981009620932;-0.09937824671119624
6.05;-0.11770865841965565;-0.08759744304455956
6.0600000000000005;-0.1252037186968705;-0.07506831143056805
6.07;-0.13138344434152804;-0.06192246016527219
6.08;-0.1361999334544747;-0.04829627457380819
6.09;-0.13961926530273697;-0.03432951841607711
6.1000000000000005;-0.14162169497290122;-0.020163915966945375
6.11;-0.1422017057038998;-0.0059417290049587
6.12;-0.14136791981835173;0.008195657149776969
6.13;-0.1391428705623403;0.022109124640296022
6.140000000000001;-0.13556263851732758;0.03566317757956475
6.15;-0.1306763575517774;0.04872724701698453
6.16;-0.12454559652157815;0.06117693394444065
6.17;-0.11724362409586274;0.07289517866063248
6.18;-0.1088545651675015;0.08377334565951658
6.19;-0.09947245829553435;0.09371221415450406
6.2;-0.0892002245112831;0.10262286538421693
6.21;-0.07814855859313279;0.11042745895699178
6.22;-0.06643475457045928;0.11705989166814201
6.23;-0.054181477749608624;0.12246633345393607
6.24;-0.041515495960172864;0.12660563641660796
6.25;-0.028566382995326947;0.129449614152499
6.26;-0.015465207364276276;0.13098318992751137
6.2700000000000005;-0.002343219487809885;0.13120441355729962
6.28;0.010669449649240877;0.1301243481510198
6.29;0.023445065619699428;0.12776682915423476
6.3;0.03585953104977167;0.12416809936634217
6.3100000000000005;0.04779357757654183;0.11937632479875135
6.32;0.0591338979558528;0.11345099737068619
6.33;0.0697742077159922;0.1064622314993499
6.34;0.07961622655726792;0.09848996262047317
6.3500000000000005;0.08857057059112208;0.08962305656509892
6.36;0.09655754748515566;0.07995833951092685
6.37;0.10350784762188586;0.06959955891478717
6.38;0.10936312547823093;0.058656286411072595
6.390000000000001;0.11407646657814481;0.047242774124617005
6.4;0.11761273655070045;0.0354767761921345
6.41;0.11994881002821477;0.02347834751169381
6.42;0.1210736783315903;0.01136863184378361
6.43;0.12098843610080898;-7.313486294816679E-4
6.44;0.1197061482254822;-0.01270189031716694
6.45;0.11725159960182785;-0.024425780088318007
6.46;0.1136609313770661;-0.035789430648015784
6.47;0.10898116842914186;-0.04668396854786517
6.48;0.10326964385861179;-0.05700626453687156
6.49;0.09659332723087538;-0.06665989663350541
6.5;0.0890280641918496;-0.07555603706302702
6.51;0.08065773588069143;-0.08361425504738985
6.5200000000000005;0.07157334727219292;-0.09076322834910441
6.53;0.06187205419290965;-0.09694135744556047
6.54;0.05165613926387007;-0.10209727723620292
6.55;0.04103194742484728;-0.10619026225096402
6.5600000000000005;0.030108791987753368;-0.10919052242351426
6.57;0.01899784234794792;-0.1110793876060667
6.58;0.007811004551467838;-0.11184938012245288
6.59;-0.0033401941261696766;-0.11150417577182367
6.6000000000000005;-0.014345705586318524;-0.11005845479561463
6.61;-0.025098035555221186;-0.10753764539461295
6.62;-0.03549328209373566;-0.10397756342069993
6.63;-0.0454321280514476;-0.0994239528592131
6.640000000000001;-0.054820778103995216;-0.09393193265352766
6.65;-0.0635718316556545;-0.08756535629469686
6.66;-0.07160508361227294;-0.0803960913978401
6.67;-0.07884824582453638;-0.07250322720624668
6.68;-0.08523758285970943;-0.06397221859755511
6.69;-0.0907184566722703;-0.05489397570846833
6.7;-0.09524577570068596;-0.045363908740828886
6.71;-0.09878434490902116;-0.03548093785905269
6.72;-0.10130911430797716;-0.025346478334469062
6.73;-0.10280532452000983;-0.015063411234634632
6.74;-0.10326854898703856;-0.004735049994807313
6.75;-0.1027046334466541;0.005535886854857579
6.76;-0.10112953431355666;0.015648286697527762
6.7700000000000005;-0.09856905858736584;0.025503627727594597
6.78;-0.09505850885646032;0.03500692825046787
6.79;-0.0906422378710994;0.04406765134475276
6.8;-0.08537311800925788;0.052600556380544075
6.8100000000000005;-0.07931193174749145;0.06052648949965517
6.82;-0.07252668996955067;0.06777310584766028
6.83;-0.06509188559093679;0.07427551709616918
6.84;-0.05708769054250667;0.07997685859871023
6.8500000000000005;-0.048599104635809284;0.08482877137643129
6.86;-0.03971506522318449;0.0887917950216121
6.87;-0.030527526863813048;0.09183566852849123
6.88;-0.021130520410854284;0.09393953700272381
6.890000000000001;-0.011619201043476083;0.09509206315337115
6.9;-0.0020888947808575774;0.09529144342514158
6.91;0.0073658470660400155;0.09454532957419506
6.92;0.01665217622322493;0.09287065741891515
6.93;0.02567984954546528;0.09029338539862673
6.94;0.034362096204474675;0.0868481464396394
6.95;0.04261644173995423;0.08257781745100001
6.96;0.05036548125020369;0.07753301154423455
6.97;0.05753759458058087;0.07177149878502204
6.98;0.06406759701449224;0.06535756193369431
6.99;0.06989731967578305;0.058361294209922636
7.0;0.07497611460580757;0.050857846619920884
7.01;0.07926128027512166;0.04292663280774672
7.0200000000000005;0.08271840412033737;0.03465049973243221
7.03;0.08532161955264479;0.02611487272719449
7.04;0.0870537757571106;0.017406883664210712
7.05;0.08790651948229634;0.008614491027614656
7.0600000000000005;0.08788028889920724;-1.743993114088297E-4
7.07;0.0869842204783857;-0.008872803919316259
7.08;0.08523597068558952;-0.01739551370748328
7.09;0.08266145512169279;-0.025659919668281815
7.1000000000000005;0.07929450852331596;-0.03358680452864658
7.11;0.07517646978974679;-0.041101092827168395
7.12;0.07035569690195966;-0.04813255240808165
7.13;0.06488701724453998;-0.054616440877294836
7.140000000000001;0.058831119425242384;-0.060494091175731346
7.15;0.052253893204592554;-0.06571343108707303
7.16;0.045225724594926395;-0.07022943220345697
7.17;0.03782075356083489;-0.07400448461632012
7.18;0.03011610204821085;-0.07700869437267957
7.19;0.022191080284833464;-0.07922010153172565
7.2;0.014126379430344291;-0.08062481746460691
7.21;0.006003258707044764;-0.08121708085356492
7.22;-0.0020972648845286115;-0.0809992326570267
7.23;-0.01009521626872897;-0.0799816111068881
7.24;-0.017912443605623603;-0.07818236858521506
7.25;-0.02547337365950366;-0.07562721298240617
7.26;-0.032705734008166835;-0.07234907686029124
7.2700000000000005;-0.039541235277254;-0.06838771842487981
7.28;-0.04591620704854456;-0.06378925894818287
7.29;-0.051772181613929213;-0.05860566186089513
7.3;-0.05705642032201854;-0.052894159262507186
7.3100000000000005;-0.061722377885786564;-0.04671663205800228
7.32;-0.06573010068067092;-0.040138950326729386
7.33;-0.06904655575621042;-0.03323028085607567
7.34;-0.07164588800339981;-0.026062369027650082
7.3500000000000005;-0.07350960365710317;-0.018708802425037
7.36;-0.0746266790606108;-0.011244263638733414
7.37;-0.0749935943702393;-0.0037437797753456115
7.38;-0.07461429262429611;0.0037180238650615354
7.390000000000001;-0.07350006533541206;0.011067658596216235
7.4;-0.07166936648103253;0.018233488478459868
7.41;-0.06914755745685468;0.02514642087529749
7.42;-0.06596658621563167;0.031740564854773126
7.43;-0.062164604432852814;0.03795385124157293
7.44;-0.05778552711560857;0.04372860856800963
7.45;-0.05287853959621953;0.04901208966677478
7.46;-0.04749755732324663;0.05375694419013277
7.47;-0.04170064427519102;0.05792163292323286
7.48;-0.03554939617303905;0.06147078037724444
7.49;-0.029108294953961462;0.06437546279460286
7.5;-0.022444041187756163;0.06661342936709902
7.51;-0.015624871268535796;0.06816925515101589
7.5200000000000005;-0.008719866295899865;0.06903442485509077
7.53;-0.0017982595722868793;0.06920734736983396
7.54;0.005071250413049551;0.06869330159379201
7.55;0.011821174766704466;0.06750431478696219
7.5600000000000005;0.018385890182946677;0.06565897533718883
7.57;0.024702269839498907;0.06318218245570521
7.58;0.030710283204218734;0.06010483591703777
7.59;0.036353559127963286;0.056463469520649734
7.6000000000000005;0.04157990701922798;0.052299832471774874
7.61;0.04634179136374141;0.04766042335215356
7.62;0.0505967553619672;0.04259598177362162
7.63;0.05430779000393607;0.037160943175050656
7.640000000000001;0.057443645478226724;0.03141286253291048
7.65;0.05997908241420259;0.025411813005236927
7.66;0.06189506107757902;0.0192197657161785
7.67;0.0631788672727049;0.012899957012336392
7.68;0.06382417434419915;0.006516249582215243
7.69;0.06383104130939647;1.3249382631737392E-4
7.7;0.06320584778510793;-0.006188104201576051
7.71;0.061961166991300824;-0.012383602090285977
7.72;0.0601155787144495;-0.0183939216015219
7.73;0.05769342468875434;-0.024161424678237182
7.74;0.05472450939872131;-0.02963145947564149
7.75;0.05124374981664559;-0.034752871311358485
7.76;0.04729077805865464;-0.039478473830092814
7.7700000000000005;0.04290950136888891;-0.0437654761195987
7.78;0.038147624219359744;-0.04757586199392271
7.79;0.033056137639767794;-0.0508767181717001
7.8;0.027688781164371803;-0.05364050861632011
7.8100000000000005;0.022101482999712395;-0.05584529286542972
7.82;0.016351784176037727;-0.05747488675374695
7.83;0.010498252545656402;-0.058518964519637215
7.84;0.004599892532755753;-0.05897310187646083
7.8500000000000005;-0.001284443478341426;-0.05883876021843904
7.86;-0.007096636305183477;-0.05812321271189885
7.87;-0.01277986800060963;-0.0568394135905667
7.88;-0.018279171266069635;-0.05500581252260068
7.890000000000001;-0.023541954993146406;-0.05264611644203378
7.9;-0.028518500970976288;-0.04978900173329195
7.91;-0.03316242713286243;-0.04646778011983237
7.92;-0.03743111309339721;-0.04272002203248067
7.930000000000001;-0.04128608414367882;-0.03858714161590954
7.94;-0.04469335032221708;-0.03411394786952624
7.95;-0.04762369765807801;-0.02934816670893149
7.96;-0.050052929185681445;-0.02433993897369245
7.97;-0.051962053852220184;-0.019141299594573065
7.98;-0.053337421973560714;-0.013805643267257535
7.99;-0.0541708064372836;-0.008387182059202448
8.0;-0.05445942939677181;-0.0029404004013193477
8.01;-0.054205934742534705;0.002480487112974255
8.02;-0.053418307170924904;0.007822069781355448
8.03;-0.05210973919086147;0.01303226149346346
8.040000000000001;-0.05029844791109997;0.01806080305842411
8.05;-0.04800744392920498;0.022859741371038765
8.06;-0.04526425509418009;0.02738388090631967
8.07;-0.042100608333512646;0.031591203351580305
8.08;-0.03855207311837107;0.035443251543082255
8.09;-0.03465767048442221;0.03890547426637017
8.1;-0.030459451827207343;0.04194752890166427
8.11;-0.026002051947670506;0.044543539343541154
8.120000000000001;-0.021332221033183225;0.04667230709292512
8.13;-0.016498340420651805;0.04831747390428101
8.14;-0.011549927099921467;0.04946763486688273
8.15;-0.006537131977100862;0.050116401301106124
8.16;-0.0015102369285203473;0.05026241335382805
8.17;0.0034808443627938335;0.04990930267621328
8.18;0.00838705688411101;0.04906560605753456
8.19;0.013160681314965821;0.04774463136543222
8.2;0.017755793006993953;0.045964277601596285
8.21;0.022128698559482046;0.04374681131788792
8.22;0.02623834589435813;0.04111860204732032
8.23;0.03004670403809926;0.03810981978330566
8.24;0.03351910915626553;0.034754097885700774
8.25;0.036624573755387246;0.031088165100373478
8.26;0.03933605636277035;0.027151450647586405
8.27;0.0416306894132537;0.022985666561196275
8.28;0.0434899635086796;0.018634371643672196
8.290000000000001;0.044899866666316346;0.014142521539876194
8.3;0.04585097763210093;0.009556009524512113
8.31;0.04633851279870662;0.004921202643689
8.32;0.04636232673244477;2.8447785018015457E-4
8.33;0.045926866772288154;-0.004308237274833679
8.34;0.045041082614356735;-0.00881191471254187
8.35;0.04371829223167152;-0.013182862744237769
8.36;0.041976005897675264;-0.017379145047730873
8.370000000000001;0.039835710478973156;-0.021360978181123418
8.38;0.03732261653425221;-0.025091103736730527
8.39;0.034465371098973366;-0.02853513173625419
8.4;0.03129573934609447;-0.03166185215769001
8.41;0.027848258589022214;-0.034443511831376464
8.42;0.02415986833182572;-0.0368560543133759
8.43;0.02026952027148325;-0.03887932073509289
8.44;0.01621777231599422;-0.04049721003461881
8.45;0.012046370799407013;-0.041697797393556044
8.46;0.007797825149450895;-0.042473410128761775
8.47;0.00351497929520897;-0.042820660717269796
8.48;-7.594159087528293E-4;-0.04274043706032279
8.49;-0.004983125018637257;-0.04223785051475303
8.5;-0.009114840969411436;-0.04132214263276041
8.51;-0.013114584680360603;-0.04000655195046108
8.52;-0.016944087476652644;-0.03830814254760077
8.53;-0.020567152714098594;-0.03624759646193615
8.540000000000001;-0.02394999323668929;-0.03384897237862103
8.55;-0.027061541569805878;-0.03113943332440258
8.56;-0.029873730053223673;-0.02814894637574777
8.57;-0.03236173844389047;-0.024909957636721148
8.58;-0.034504206865486955;-0.02145704595440878
8.59;-0.03628341234631856;-0.017826559015181483
8.6;-0.03768540756535834;-0.014056235602744131
8.61;-0.038700120814376425;-0.010184817897746213
8.620000000000001;-0.03932141657810954;-0.006251657758145485
8.63;-0.03954711653038485;-0.002296320939331185
8.64;-0.03937898113807479;0.0016418068065702273
8.65;-0.03882265245284359;0.00552390787117393
8.66;-0.03788755904906893;0.009312111385293705
8.67;-0.03658678443143416;0.012969858617298591
8.68;-0.03493690058400726;0.016462251689837587
8.69;-0.032957768660873264;0.01975638233075593
8.700000000000001;-0.030672309123519696;0.022821637604874823
8.71;-0.02810624390940189;0.025629979832054523
8.72;-0.025287813466934473;0.028156198180764765
8.73;-0.022247471712369418;0.03037812973218363
8.74;-0.019017562151759544;0.03227684813438637
8.75;-0.0156319785649377;0.0338368183060667
8.76;-0.012125813766987719;0.03504601600093486
8.77;-0.00853500004522529;0.0358960114038573
8.78;-0.004895944915791164;0.03638201629429603
8.790000000000001;-0.0012451658534979458;0.036502894678016394
8.8;0.0023810723781606566;0.03626113715073253
8.81;0.00594711423230157;0.0356627996137873
8.82;0.009418260251743497;0.034717407308651575
8.83;0.012761100972782569;0.03343782547064245
8.84;0.015943834684648345;0.031840098219630554
8.85;0.018936566061545288;0.02994325760365406
8.86;0.021711582903691587;0.027769104987524537
8.870000000000001;0.0242436084684196;0.025341967230183823
8.88;0.026510027139523603;0.022688430319508443
8.89;0.0284910814697597;0.01983705332950052
8.9;0.030170038934682657;0.016818065730699307
8.91;0.03153332705267506;0.01366305121885873
8.92;0.03257063585281532;0.010404621328455313
8.93;0.033274987005804245;0.0070760821657420425
8.94;0.033642769270154665;0.003711097630510002
8.950000000000001;0.03367374024287361;3.433524964595895E-4
8.96;0.033370994737594376;-0.0029937813125494937
8.97;0.032740900440276034;-0.006267571978445843
8.98;0.03179300181000713;-0.009446245402248712
8.99;0.030539893497084438;-0.012499290127416931
9.0;0.028997064839499317;-0.015397746682354121
9.01;0.027182717269551265;-0.018114478634641013
9.02;0.02511755671202629;-0.02062442285798018
9.03;0.02282456328196599;-0.02290481674389098
9.040000000000001;0.020328740791501123;-0.024935400341366706
9.05;0.01765684874979081;-0.02669859167631165
9.06;0.014837119686338046;-0.028179633785777824
9.07;0.01189896474468266;-0.029366712296867513
9.08;0.00887267057984595;-0.03025104268362242
9.09;0.005789090648368871;-0.030826926644190945
9.1;0.0026793340041102783;-0.031091777351937553
9.11;-4.255452937726423E-4;-0.031046113644825096
9.120000000000001;-0.0034948550916726008;-0.030693523524293352
9.13;-0.006498565369660917;-0.030040597634974832
9.14;-0.009407598881826816;-0.029096833687028652
9.15;-0.012194109428024385;-0.02787451306085751
9.16;-0.014831745126769035;-0.026388551096874522
9.17;-0.017295894234091922;-0.02465632281835564
9.18;-0.01956391125076821;-0.022697466060996985
9.19;-0.02161532127829923;-0.02053366418656096
9.200000000000001;-0.023432000819985775;-0.01818841073814373
9.21;-0.024998333474862147;-0.0156867585495837
9.22;-0.026301339236522312;-0.01305505595007651
9.23;-0.027330776383214662;-0.010320672806160036
9.24;-0.02807921522719236;-0.0075117192161601835
9.25;-0.028542083277320295;-0.004656759716506538
9.26;-0.02871768165648124;-0.0017845258748867632
9.27;-0.028607172901530215;0.001076369867853747
9.28;-0.02821454055559739;0.0038977162864267012
9.290000000000001;-0.027546521237685175;0.006651978638566576
9.3;-0.02661251014009023;0.009312564454711743
9.31;-0.025424441157672867;0.011854077314033559
9.32;-0.023996643092006817;0.014252556215502837
9.33;-0.02234567359575197;0.016485698319456482
9.34;-0.02049013272616826;0.018533063022241364
9.35;-0.01845045815970468;0.02037625553190961
9.36;-0.01624870428044858;0.021999088334401277
9.370000000000001;-0.013908307492538368;0.023387719174821676
9.38;-0.011453840219305638;0.024530764424834758
9.39;-0.00891075613905394;0.025419386962297667
9.4;-0.006305129268395932;0.02604735795044103
9.41;-0.00366338953861831;0.02641109216850782
9.42;-0.0010120575185498526;0.026509656811145955
9.43;0.0016225190809390955;0.026344753937370933
9.44;0.004214424529929426;0.025920677008984254
9.450000000000001;0.006738427308519573;0.025244242210431398
9.46;0.009170223014267086;0.024324695484783648
9.47;0.011486665637117996;0.02317359645152337
9.48;0.013665985029447629;0.021804680588933454
9.49;0.015687988557457566;0.020233701265128804
9.5;0.01753424509713074;0.018478253385289217
9.51;0.019188249731303068;0.016557580586820383
9.52;0.020635567712085256;0.014492368057553176
9.53;0.021863956472662167;0.012304523173481203
9.540000000000001;0.022863464702110183;0.010016946250952837
9.55;0.023626507733933412;0.0076532937829344
9.56;0.024147918741104585;0.0052377365794456475
9.57;0.024424975475058657;0.002794715258281837
9.58;0.024457402530877973;3.486955336682116E-4
9.59;0.024247349363402348;-0.00207607427222539
9.6;0.023799344516818012;-0.004455801116479969
9.61;0.023120226761118315;-0.0067673782124801525
9.620000000000001;0.022219054050471598;-0.008988606879706065
9.63;0.021106991428875982;-0.011098407161905691
9.64;0.019797179205558558;-0.013077015241745357
9.65;0.018304582904570182;-0.0149061658306782
9.66;0.01664582665828734;-0.016569257879923867
9.67;0.014839011861592004;-0.018051502140295075
9.68;0.012903523031086871;-0.01934004929318973
9.69;0.010859822920750219;-0.020424097580335435
9.700000000000001;0.00872923903108951;-0.02129497907368635
9.71;0.006533743712483666;-0.02194622394702735
9.72;0.004295730104603121;-0.02237360233509296
9.73;0.0020377861723828864;-0.022575143592097738
9.74;-2.1753090495861853E-4;-0.022551132987242668
9.75;-0.0024479177616460565;-0.022304086097779337
9.76;-0.004631543107709751;-0.021838701378398585
9.77;-0.006747259113094114;-0.021161791596951335
9.78;-0.008774803890061356;-0.020282195028785505
9.790000000000001;-0.010694993159010508;-0.019210667493381576
9.8;-0.012489899309265178;-0.01795975649570572
9.81;-0.014143016209247393;-0.01654365889913141
9.82;-0.01563940827816893;-0.014978063705424604
9.83;-0.016965842502224274;-0.013279981648831634
9.84;-0.018110902260436365;-0.011467563424623115
9.85;-0.01906508201686969;-0.009559908466593683
9.86;-0.019820862134893768;-0.007576866262257646
9.870000000000001;-0.020372763273508336;-0.005538832248280586
9.88;-0.02071738003335303;-0.0034665403617204545
9.89;-0.020853393728829824;-0.0013808543348013
9.9;-0.020781564370686855;6.974401877008658E-4
9.91;-0.0205047021483976;0.002747840658521856
9.92;-0.02002761890171996;0.004750327764628
9.93;-0.019357060264004588;0.006685558758251996
9.94;-0.018501619344297594;0.00853505213680593
9.950000000000001;-0.017471632989310832;0.010281361930523333
9.96;-0.016279061828295915;0.011908239977159871
9.97;-0.014937355452274129;0.013400784698389569
9.98;-0.01346130421261082;0.014745575041180813
9.99;-0.01186687924140781;0.015930788407817476
10.0;-0.010171062396619803;0.016946301568638675
