0.0;1.0 -2.0
0.1;0.5555555555555558 -1.1111111111111114
0.2;0.30864197530864224 -0.6172839506172842
0.30000000000000004;0.17146776406035688 -0.3429355281207137
0.4;0.09525986892242051 -0.190519737844841
0.5;0.05292214940134475 -0.10584429880268947
0.6000000000000001;0.02940119411185821 -0.058802388223716404
0.7000000000000001;0.016333996728810123 -0.03266799345762024
0.8;0.009074442627116737 -0.01814888525423347
0.9;0.005041357015064856 -0.01008271403012971
1.0;0.0028007538972582547 -0.0056015077945165085
