0.0;-1.0 3.0
0.01;-1.1558 2.7861
0.02;-1.3037576899999999 2.58358316
0.03;-1.4443482986219998 2.391753772159
0.04;-1.5780179698982069 2.209958687909986
0.05;-1.7051855423668436 2.0375847145616763
0.06;-1.82624421933828 1.8740561711534363
0.07;-1.9415631369887367 1.718832593821652
0.08;-2.0514888365315764 1.5714065815317533
0.09;-2.156346646333876 1.4313017735895441
0.1;-2.256441979487041 1.2980709508707344
0.11;-2.3520615520032444 1.1712942532006743
0.12;-2.443474526493109 1.050577505779237
0.13;-2.530933585883034 0.9355506479804216
0.14;-2.6146759414517384 0.8258662582642836
0.15;-2.694924279203783 0.7211981693218833
0.16;-2.7718876483520916 0.6212401679335829
0.17;-2.845762295450721 0.5257047743586707
0.18;-2.9167324475025334 0.43432209639128083
0.19;-2.9849710471630355 0.34683875351517746
0.2;-3.0506404429707192 0.263016866869367
0.21;-3.1138930373549965 0.1826331109988079
0.22;-3.1748718950045176 0.10547782361074527
0.23;-3.2337113140206832 0.03135416978839291
0.24;-3.290537362132823 -0.039922642669260766
0.25;-3.3454683801122655 -0.10852609990897326
0.26;-3.3986154543917806 -0.17461907362223383
0.27;-3.450082860774142 -0.23835447033824664
0.28;-3.4999684809983234 -0.2998758409988227
0.29;-3.548364193823664 -0.35931795324478627
0.3;-3.5953562421907637 -0.4168073286948793
0.31;-3.6410255779225316 -0.4724627473586169
0.32;-3.6854481853392795 -0.5263957211935512
0.33;-3.7286953850777174 -0.5787109386944194
0.34;-3.7708341193247996 -0.6295066822861916
0.35000000000000003;-3.8119272196033025 -0.6788752201846383
0.36;-3.85203365817646 -0.7269031742862718
0.37;-3.8912087840737053 -0.7736718655539743
0.38;-3.92950454467826 -0.8192576382749298
0.39;-3.966969693759773 -0.8637321644832687
0.4;-4.003649986781181 -0.907162729760773
0.41000000000000003;-4.039588364258239 -0.94961250155477
0.42;-4.0748251239025635 -0.9911407810826615
0.43;-4.1093980822343 -1.031803239827112
0.44;-4.143342726308581 -1.0716521415645066
0.45;-4.176692356160526 -1.1107365508116263
0.46;-4.209478218536535 -1.1491025285213552
0.47000000000000003;-4.241729632444907 -1.1867933158074118
0.48;-4.273474107026208 -1.223849506430385
0.49;-4.304737452213191 -1.2603092087325591
0.5;-4.335543882621351 -1.2962081976669595
0.51;-4.365916115084192 -1.3315800575265668
0.52;-4.395875460221979 -1.3664563159425822
0.53;-4.425441908408939 -1.4008665696858285
0.54;-4.454634210481585 -1.434838602772696
0.55;-4.483469953509829 -1.4683984973463786
0.56;-4.5119656319329255 -1.5015707377753396
0.5700000000000001;-4.540136714343764 -1.5343783083839209
0.58;-4.567997706187713 -1.5668427852046256
0.59;-4.595562208625928 -1.598984422117773
0.6;-4.62284297379775 -1.6308222317218595
0.61;-4.6498519567024585 -1.6623740612569555
0.62;-4.6766003639071805 -1.6936566638837478
0.63;-4.703098699275109 -1.7246857656023293
0.64;-4.729356806896292 -1.75547612807746
0.65;-4.755383911392119 -1.7860416076207022
0.66;-4.781188655754158 -1.8163952105645222
0.67;-4.806779136868169 -1.846549145249063
0.68;-4.832162938864897 -1.8765148708287978
0.6900000000000001;-4.857347164430577 -1.9063031430935948
0.7000000000000001;-4.882338464201957 -1.9359240574868257
0.71;-4.907143064363025 -1.9653870894919778
0.72;-4.931766792553422 -1.9947011325487431
0.73;-4.956215102191831 -2.0238745336497064
0.74;-4.9804930953113 -2.052915126759517
0.75;-5.004605543997514 -2.0818302641897417
0.76;-5.028556910515488 -2.110626846054453
0.77;-5.052351366204899 -2.1393113479239614
0.78;-5.075992809219395 -2.1678898467869043
0.79;-5.09948488118058 -2.1963680454241805
0.8;-5.122830982813078 -2.2247512952918727
0.81;-5.14603428862299 -2.2530446180043704
0.8200000000000001;-5.169097760678283 -2.2812527255033173
0.8300000000000001;-5.192024161546019 -2.3093800389927717
0.84;-5.214816066438021 -2.337430706716058
0.85;-5.237475874613385 -2.365408620645158
0.86;-5.260005820083306 -2.393317432149166
0.87;-5.282407981660888 -2.4211605667042604
0.88;-5.304684292396008 -2.448941237703822
0.89;-5.326836548432853 -2.476662459423744
0.9;-5.348866417325444 -2.5043270591946127
0.91;-5.370775445844294 -2.5319376888292746
0.92;-5.392565067305348 -2.5594968353513394
0.93;-5.414236608450401 -2.5870068310673804
0.9400000000000001;-5.435791295906447 -2.614469863022981
0.9500000000000001;-5.457230262249715 -2.6418879818803154
0.96;-5.478554551698568 -2.6692631102526523
0.97;-5.49976512545796 -2.6965970505289985
0.98;-5.520862866736791 -2.7238914922200745
0.99;-5.541848585458138 -2.7511480188549005
1.0;-5.562723022681165 -2.7783681144554824
