0.0;1.0 1.0
0.1;1.243995686697383 0.657778649152044
0.2;1.375700060967476 0.2608475437260711
0.30000000000000004;1.3845921720542564 -0.15519282503184628
0.4;1.2711025901461688 -0.5534066265318238
0.5;1.0464669455041353 -0.8987982572194625
0.6000000000000001;0.7316265642881993 -1.1613841056843595
0.7000000000000001;0.35528273675123 -1.3187912216802278
0.8;-0.04871514619517206 -1.3581580465821375
0.9;-0.4444103006934378 -1.2771762341655883
1.0;-0.7969352864308847 -1.0841900472828965
1.1;-1.0755808763606942 -0.7973538821895648
1.2000000000000002;-1.2564672687428224 -0.4429316573787181
1.3;-1.3245856447767617 -0.0528967692414985
1.4000000000000001;-1.2750359861157405 0.33794847723164223
1.5;-1.1133597802568445 0.6950747796915003
1.6;-0.8549471892180966 0.9872729248088932
1.7000000000000002;-0.5235802068656943 1.1893774597008502
1.8;-0.1492490346134391 1.2844295831415227
1.9000000000000001;0.23455826074333827 1.2650937721759583
2.0;0.5938482019426033 1.134210409811216
2.1;0.897129368118693 0.904444157568906
2.2;1.1181690914500884 0.5970680833000193
2.3000000000000003;1.2382583821324293 0.23999949265507525
2.4000000000000004;1.2477899019432643 -0.13473164237052582
2.5;1.1470164138968524 -0.4938524397416391
2.6;0.9459308322685978 -0.8057982298838827
2.7;0.66328716455765 -1.0434835818406794
2.8000000000000003;0.324857326390116 -1.1866502662368361
2.9000000000000004;-0.03891463876718115 -1.2235889607297086
3.0;-0.39564777851421296 -1.1520888294445941
3.1;-0.7139034459001277 -0.97953874991227
3.2;-0.9659527779108837 -0.7221796462021013
3.3000000000000003;-1.130189107722758 -0.4035823705721831
3.4000000000000004;-1.1929757507030272 -0.05249324208010285
3.5;-1.1497715494205345 0.2997562049235422
3.6;-1.0054419151708456 0.6220421645452169
3.7;-0.7737359577656115 0.8861955026418421
3.8000000000000003;-0.4759841424789064 1.06946053223655
3.9000000000000004;-0.13913922072915474 1.1564513036669408
4.0;0.20666002910414194 1.140437595877806
4.1000000000000005;0.5307823442784841 1.023853660718884
4.2;0.8048143500686951 0.8179924810881782
4.3;1.0050482025409269 0.5419206116900236
4.4;1.1145289867268073 0.22071716574804998
4.5;1.124485393278767 -0.11680081977816581
4.6000000000000005;1.0350234157109424 -0.44066064873558686
4.7;0.8550290944688497 -0.7223927365661122
4.800000000000001;0.6012967291456882 -0.9375302947900352
4.9;0.2969672278493256 -1.0677307204792619
5.0;-0.03057864367165322 -1.1023350651816803
5.1000000000000005;-0.3521806380264935 -1.0392334072820366
5.2;-0.6394922141584429 -0.8849665663108067
5.300000000000001;-0.8674761798457218 -0.6540627362887051
5.4;-1.016583327713629 -0.3676752048095021
5.5;-1.0744247761202441 -0.05164840082231348
5.6000000000000005;-1.0367953187751284 0.2658112530754915
5.7;-0.9079638217256177 0.5566500497960888
5.800000000000001;-0.7002122754483077 0.7954433202609213
5.9;-0.4326716541778677 0.9616150289306319
6.0;-0.12956436712309843 1.041207139164685
6.1000000000000005;0.18198558817844857 1.02804692751647
6.2;0.4743770726992645 0.9242151052108812
6.300000000000001;0.7219743917031076 0.7397803228286195
6.4;0.9033520992821993 0.4918307715170393
6.5;1.0031457082514732 0.2028953736752774
6.6000000000000005;1.0133487439788618 -0.10109994539963867
6.7;0.9339470620380393 -0.3931557901061947
6.800000000000001;0.7728409655280325 -0.6475946357733385
6.9;0.5450690525105022 -0.8423156998265072
7.0;0.27140926055000625 -0.9607115729167259
7.1000000000000005;-0.02351316299244681 -0.9930806731042799
7.2;-0.3134387700822009 -0.9374157603925204
7.300000000000001;-0.5728094494040765 -0.7995050439429142
7.4;-0.7790188942857421 -0.592343757722584
7.5;-0.9143800715775146 -0.33491500401869373
7.6000000000000005;-0.9676387174118013 -0.050453791291496936
7.7;-0.9349036756059257 0.2356472884554226
7.800000000000001;-0.8199176807073586 0.4981022143004919
7.9;-0.6336511991082155 0.7139638608008796
8.0;-0.39326190447554765 0.8646276379866775
8.1;-0.12051797233924583 0.9374317403051328
8.200000000000001;0.16017023544962872 0.9267166570193248
8.3;0.4239323682334261 0.8342557169976533
8.4;0.6476393065079126 0.6690248675482103
8.5;0.8119287939511716 0.4463385637446311
8.6;0.9028783067270671 0.18643436667080862
8.700000000000001;0.9131808971275629 -0.08736327618930374
8.8;0.8427250765936027 -0.35073371840482886
8.9;0.698533420735958 -0.5805180911226069
9.0;0.49407166833469246 -0.7567532998617588
9.1;0.2479955706558042 -0.8644036169963523
9.200000000000001;-0.017548257960767866 -0.8946399216866456
9.3;-0.2789129955947965 -0.8455580775470803
9.4;-0.5130550641246248 -0.7222785506693695
9.5;-0.699563473042866 -0.5364245956043777
9.600000000000001;-0.8224365483161347 -0.30503125114834756
9.700000000000001;-0.8714516184295722 -0.048987144071534997
9.8;-0.8430107106696146 0.20884864636903555
9.9;-0.7403927498139247 0.4456851185846283
10.0;-0.5733958600751916 0.6408116824051102
