0.0;-1.0 3.0
0.01;-0.6955041666666667 3.0848458333333335
0.02;-0.38405910140625005 3.138868956996528
0.03;-0.06877665527198801 3.16152959112259
0.04;0.2471929789487135 3.15260131895826
0.05;0.5606927423673818 3.112173349137251
0.06;0.8685902542308404 3.0406496243341756
0.07;1.167809109581774 2.9387447852052273
0.08;1.4553596176281436 2.807477029942559
0.09;1.7283686736943418 2.6481579407872613
0.1;1.9841084662839388 2.4623793791509265
0.11;2.220023732423029 2.2519975802852383
0.12;2.4337572889582755 2.0191146064201644
0.13;2.623173584709801 1.7660573436845892
0.14;2.786380038154033 1.495354252664903
0.15;2.9217459474378016 1.2097101049019203
0.16;3.0279187837814354 0.9119789577503072
0.17;3.1038377054728663 0.6051356376263664
0.18;3.1487441574256403 0.29224601657368343
0.19;3.162189450393774 -0.023563620867109003
0.2;3.1440392441146154 -0.33913781440883883
0.21;3.0944748895857437 -0.6513234562817971
0.22;3.013991617064389 -0.9570012959917661
0.23;2.903393587894293 -1.2531171067874687
0.24;2.763785859600489 -1.5367122024329232
0.25;2.596563344534015 -1.8049529993717175
0.26;2.403396872388004 -2.0551593289083354
0.27;2.1862164958436834 -2.2848312165210665
0.28;1.9471922061505111 -2.4916738607369244
0.29;1.6887122513237145 -2.6736205619883524
0.3;1.4133592735963059 -2.82885337235457
0.31;1.1238845045518997 -2.9558212598625464
0.32;0.8231802757716316 -3.053255605856248
0.33;0.5142511196592737 -3.120182880589859
0.34;0.20018374919508836 -3.1559343703948963
0.35000000000000003;-0.11588378342968925 -3.1601528592307746
0.36;-0.4307934411415107 -3.132796197859137
0.37;-0.741398755994745 -3.074137724980038
0.38;-1.0445962675867617 -2.984763536122183
0.39;-1.3373565317561407 -2.865566627575561
0.4;-1.6167543897358692 -2.71773797387831
0.41000000000000003;-1.879998195322665 -2.5427546280085123
0.42;-2.1244577080347153 -2.342364963179707
0.43;-2.3476903735590993 -2.1185712036990227
0.44;-2.5474657289038127 -1.8736094194335595
0.45;-2.7217876884066143 -1.6099271837734088
0.46;-2.8689144879266615 -1.3301591183252137
0.47000000000000003;-2.9873760879435283 -1.0371005686852357
0.48;-3.07598886167792 -0.7336796743144834
0.49;-3.1338674214755167 -0.4229281115840417
0.5;-3.1604334652888686 -0.10795080231594728
0.51;-3.155421554866405 0.20810510951862815
0.52;-3.118881767914942 0.5220817029698207
0.53;-3.0511791977362464 0.830841832958909
0.54;-2.952990305337158 1.1313004755424205
0.55;-2.8252961604617597 1.4204555523995162
0.56;-2.669372639078901 1.695417926555086
0.5700000000000001;-2.48677767526842 1.9534402696317148
0.58;-2.279335694880825 2.191944512198977
0.59;-2.0491193865039516 2.4085476029457187
0.6;-1.7984289918747947 2.601085319298647
0.61;-1.5297693226595719 2.767633891579818
0.62;-1.2458247332424 2.906529224641981
0.63;-0.9494322995858187 3.0163835249259066
0.64;-0.6435534721507015 3.0960991668079485
0.65;-0.33124448610975504 3.1448796596901487
0.66;-0.015625824505498542 3.1622376062535706
0.67;0.3001489605337416 3.1479995723587946
0.68;0.612924756992228 3.102307819935267
0.6900000000000001;0.9195764177506252 3.025618885545116
0.7000000000000001;1.2170399859705334 2.9186990188239763
0.71;1.5023433090865492 2.7826165263763767
0.72;1.7726357355214792 2.618731097622881
0.73;2.0252165974054543 2.4286802192514454
0.74;2.257562194709519 2.2143628140151237
0.75;2.467351011177626 1.9779202673516063
0.76;2.6524869101082196 1.7217150314000627
0.77;2.8111200782212435 1.448307020196556
0.78;2.9416655083467527 1.1604280318990698
0.79;3.042818836262561 0.8609544536064233
0.8;3.113569373444774 0.5528785214950689
0.81;3.15321020551253 0.23927842343252986
0.8200000000000001;3.161345255466838 -0.0767124572082028
0.8300000000000001;3.1378932411501164 -0.39193684922817285
0.84;3.0830884873849245 -0.7032451399603904
0.85;2.997478584677318 -1.0075268451059332
0.86;2.8819189178782922 -1.3017416876125436
0.87;2.737564119471073 -1.582949975066362
0.88;2.5658565328800904 -1.8483419720764551
0.89;2.3685118010722777 -2.0952659741734854
0.9;2.1475017244444343 -2.3212548027178928
0.91;1.9050345592747278 -2.524050456089684
0.92;1.6435329535893977 -2.7016266708537295
0.93;1.36560974090186 -2.8522091674772643
0.9400000000000001;1.0740418336847908 -2.9742933783114447
0.9500000000000001;0.7717424774225813 -3.066659480705162
0.96;0.46173214247205896 -3.1283845850454934
0.97;0.14710834456991723 -3.1588519559461643
0.98;-0.16898530447012206 -3.157757174449147
0.99;-0.4833905066357132 -3.1251111796688607
1.0;-0.7929658343332535 -3.061240159487966
