0.0;1.0;3.0
0.01;1.2945041666666666;2.8851791666666666
0.02;1.5760740930729165;2.741530626440972
0.03;1.8418964304559635;2.5704896660612646
0.04;2.089315174533927;2.37376526779738
0.05;2.3158582033762563;2.1533230338893716
0.06;2.519261977985178;1.9113655469288364
0.07;2.697494158788556;1.6503103624151176
0.08;2.848773912068051;1.3727658533771612
0.09;2.971589703427831;1.0815051484132039
0.1;3.0647144005177074;0.7794384235503778
0.11;3.127217534109567;0.469583824774373
0.12;3.1584745950187196;0.15503731176116592
0.13;3.158173273978595;-0.1610582758782098
0.14;3.1263165821221692;-0.475544620760498
0.15;3.063222820891394;-0.7852794845411453
0.16;2.969522401675333;-1.087168104068616
0.17;2.846151546954113;-1.3781941131826274
0.18;2.6943429358847224;-1.655449681196438
0.19;2.5156133877947537;-1.9161645669299523
0.2;2.311748706646389;-2.157733797995841
0.21;2.0847858378995165;-2.3777436987768845
0.22;1.8369925160564513;-2.5739960070320467
0.23;1.5708446062429533;-2.7445298381665513
0.24;1.2890013662206372;-2.8876412777066323
0.25;0.9942788760041812;-3.001900406217783
0.26;0.6896219005654016;-3.0861655865594706
0.27;0.3780744667623065;-3.139594870723063
0.28;0.06274944847825403;-3.1616544122798462
0.29;-0.25320253613403987;-3.1521238003849104
0.3;-0.5666246045356971;-3.111098262041439
0.31;-0.8743851522760078;-3.0389877106211767
0.32;-1.173409142896443;-2.936512650147977
0.33;-1.4607088326264959;-2.804696976267451
0.34;-1.7334136228808665;-2.64485774583297
0.35000000000000003;-1.9887987422822158;-2.4585920173268065
0.36;-2.22431247162869;-2.2477608936024036
0.37;-2.4376016397838183;-2.014470926387184
0.38;-2.626535135742719;-1.7610530683456902
0.39;-2.789225201950249;-1.490039383006765
0.4;-2.9240462961156815;-1.2041377452611273
0.41000000000000003;-3.0296513330632395;-0.9062047852132114
0.42;-3.104985144335597;-0.599217345722937
0.43;-3.1492950210666937;-0.286242738823759
0.44;-3.162138234783187;0.02959190179543958
0.45;-3.143386460989338;0.34513086602524135
0.46;-3.0932270613364587;0.6572213980958258
0.47000000000000003;-3.0121612115659655;0.9627451978179284
0.48;-2.9009988939310274;1.2586495775551652
0.49;-2.7608508041308397;1.5419779636180766
0.5;-2.593117253620665;1.8098994373205635
0.51;-2.399474178181949;2.0597370205347456
0.52;-2.181856392550063;2.288994423124822
0.53;-1.9424382584136535;2.4953809850088757
0.54;-1.683611958944276;2.676834563636232
0.55;-1.4079635969296997;2.8315421381966694
0.56;-1.118247355330071;2.95795792469141
0.5700000000000001;-0.8173579784357086;3.0548188208664246
0.58;-0.5083018485852755;3.1211570266876776
0.59;-0.19416694743573176;3.156309714258947
0.6;0.12190799807935077;3.1599256505637956
0.61;0.43676487682023163;3.131968706859599
0.62;0.7472577481912672;3.0727182196590266
0.63;1.050284275286888;2.9827661996922186
0.64;1.3428167223642071;2.8630114167367817
0.65;1.6219322069262847;2.7146504194179744
0.66;1.884841904147743;2.539165579706158
0.67;2.12891891184227;2.338310281566793
0.68;2.3517244975549425;2.1140914017528787
0.6900000000000001;2.55103246552757;1.8687492577857199
0.7000000000000001;2.724851400070813;1.604735223476863
0.71;2.871444563095066;1.3246872356491737
0.72;2.9893472469909126;1.031403436785419
0.73;3.0773814094752314;0.7278142169578857
0.74;3.1346674441766904;0.4169529343863897
0.75;3.1606329693530655;0.1019256071747115
0.76;3.1550185469266143;-0.21412012094487987
0.77;3.1178802746949295;-0.5280264307754998
0.78;3.0495892258168453;-0.8366568794887943
0.79;2.950827741173904;-1.1369277388723966
0.8;2.822582611652862;-1.425838806870808
0.81;2.666135218469544;-1.7005033845614934
0.8200000000000001;2.4830487300485506;-1.9581771190466644
0.8300000000000001;2.275152483383191;-2.1962854240726073
0.84;2.044523705931707;-2.4124492043992665
0.85;1.7934667606782966;-2.6045086268911373
0.86;1.5244901217351092;-2.7705447008170103
0.87;1.2402813105370427;-2.908898451735734
0.88;0.9436800430582006;-3.018187497389219
0.89;0.6376498563537321;-3.0973198599821554
0.9;0.32524849792481303;-3.1455048768409757
0.91;0.00959737376597286;-3.162261100436585
0.92;-0.30614963964071873;-3.1474211088366233
0.93;-0.6188377077648699;-3.101133178522929
0.9400000000000001;-0.9253425600390337;-3.0238598028600316
0.9500000000000001;-1.2226017064850319;-2.91637307101768
0.96;-1.5076450370496488;-2.7797469535196315
0.97;-1.7776244979117648;-2.615346571498883
0.98;-2.0298425482455857;-2.4248145568772452
0.99;-2.261779113109887;-2.2100546397536616
1.0;-2.4711167631593827;-1.9732126269904218
1.01;-2.6557638695913095;-1.7166549620526705
1.02;-2.813875502971068;-1.4429450803238835
1.03;-2.9438718671231427;-1.1548177961468205
1.04;-3.0444540839022975;-0.8551519775057765
1.05;-3.114617171129129;-0.5469417813752413
1.06;-3.1536600840189912;-0.23326673714139612
1.07;-3.1611927197738625;0.08273902298746871
1.08;-3.137139815349743;0.39791807914255106
1.09;-3.081741699454494;0.7091212716379174
1.1;-2.9955518912624504;1.0132391662805666
1.11;-2.879431569838675;1.3072331227567247
1.12;-2.7345409695324765;1.588165655669847
1.1300000000000001;-2.562327787314481;1.8532297848733885
1.1400000000000001;-2.3645127178871626;2.099777081840021
1.1500000000000001;-2.1430722610970223;2.3253441318377304
1.16;-1.900218973430825;2.5276771475119437
1.17;-1.638379360916118;2.7047544879433425
1.18;-1.360169634312531;2.854806858178785
1.19;-1.068369568839596;2.9763349874086678
1.2;-0.7658947296256362;3.068124609156558
1.21;-0.4557673403914184;3.129258593804273
1.22;-0.14108608643858633;3.159126112228469
1.23;0.17500484633905522;3.157428738988913
1.24;0.4893471870699462;3.124183434087532
1.25;0.7988001362509478;3.0597223735055867
1.26;1.1002717475252353;2.964689630212229
1.27;1.390749821336078;2.840034738806691
1.28;1.6673320017778546;2.6870032080940174
1.29;1.9272547759270253;2.507124076389425
1.3;2.1679210859018343;2.302194633894415
1.31;2.386926277760642;2.0742624647933843
1.32;2.5820821279665354;1.8256049884999166
1.33;2.7514387073541444;1.5587067044695433
1.34;2.8933038641415303;1.2762343679409422
1.35;3.006260131319694;0.9810103446409746
1.36;3.0891788894869667;0.6759844106841228
1.37;3.141231643618203;0.36420427943196454
1.3800000000000001;3.1618983010952517;0.048785149798085126
1.3900000000000001;3.150972368287539;-0.26712141973879044
1.4000000000000001;3.10856301376038;-0.5803590004133847
1.41;3.0350939774961994;-0.8877978311142308
1.42;2.9312993370273874;-1.1863660898696597
1.43;2.798216172784167;-1.4730805864255867
1.44;2.6371742059428116;-1.7450765692455215
1.45;2.4497825123092776;-1.9996363491116231
1.46;2.2379134449885556;-2.2342164533297293
1.47;2.003683926478882;-2.446473039222994
1.48;1.7494342971137526;-2.634285312991351
1.49;1.4777049311907853;-2.795776719943721
1.5;1.1912108544309965;-2.929333694377549
1.51;0.892814616382043;-3.0336217817634155
1.52;0.5854976888149866;-3.107598972147496
1.53;0.2723306758918901;-3.1505261115491723
1.54;-0.043557366246078866;-3.161974287326765
1.55;-0.3590101939219965;-3.141829113719428
1.56;-0.6708759120145174;-3.090291874745592
1.57;-0.9760384665995131;-3.0078775130385598
1.58;-1.271448779478476;-2.895409484714153
1.59;-1.5541552135082943;-2.754011531678834
1.6;-1.8213330643334127;-2.5850964535865772
1.61;-2.07031278384924;-2.3903519916312486
1.62;-2.29860665339778;-2.171723965218775
1.6300000000000001;-2.5039336401861876;-1.931396830011658
1.6400000000000001;-2.684242188571588;-1.671771851603137
1.6500000000000001;-2.837730718489562;-1.395443112902106
1.6600000000000001;-2.9628656262131683;-1.1051715949546914
1.67;-3.0583966075851885;-0.803857590177949
1.68;-3.1233691506192263;-0.494511723643097
1.69;-3.15713407264796;-0.18022487195357728
1.7;-3.159354006726722;0.13586271972191222
1.71;-3.1300067724825453;0.4505928138895192
1.72;-3.069385597728381;0.7608207367429702
1.73;-2.978096188628223;1.0634467986522087
1.74;-2.857050677687089;1.3554472651853264
1.75;-2.7074585100354756;1.6339045692120993
1.76;-2.5308143590694154;1.8960364622202854
1.77;-2.328883192188906;2.139223813574873
1.78;-2.103682635852704;2.361036779959748
1.79;-1.857462816151775;2.559259083525827
1.8;-1.5926838763274218;2.731910156166865
1.81;-1.3119913958712774;2.8772649286650354
1.82;-1.018189956811011;2.9938710669800623
1.83;-0.7142151212982666;3.080563483462907
1.84;-0.40310410048906714;3.136475978003051
1.85;-0.08796540778306927;3.1610498927951025
1.86;0.22805220036402474;3.1540396942493567
1.87;0.5417911857222668;3.1155154262738276
1.8800000000000001;0.8501167773132664;3.0458620104154615
1.8900000000000001;1.1499482929530824;2.9457753998533196
1.9000000000000001;1.4382899203582273;2.816255625671736
1.9100000000000001;1.712260650260666;2.6585968048927215
1.92;1.969123062450529;2.474374210103922
1.93;2.206310677126411;2.2654285298779664
1.94;2.421453598268084;2.0338474772476642
1.95;2.6124021928119614;1.7819449299988173
1.96;2.7772485690352537;1.5122378112036374
1.97;2.9143456395442784;1.2274209409964798
1.98;3.0223235783962035;0.9303401108642477
1.99;3.100103507920413;0.6239636494838341
2.0;3.1469082784855633;0.31135276421089986
2.0100000000000002;3.162270233504684;-0.0043690454424458736
2.02;3.146035882093129;-0.3200471967311406
2.0300000000000002;3.0983674326918464;-0.632527543173102
2.04;3.0197411723325756;-0.9386878896857358
2.05;2.910942707738838;-1.2354691884747162
2.06;2.7730591158120337;-1.5199061039765553
2.07;2.607468081932297;-1.7891566414606739
2.08;2.415824134600486;-2.0405305432522844
2.09;2.200042113960025;-2.271516168850902
2.1;1.9622780393754178;-2.479805590367693
2.11;1.7049075672319967;-2.6633176525367936
2.12;1.4305022541991101;-2.8202187668929897
2.13;1.1418038631260237;-2.948941232347598
2.14;0.8416969682971214;-3.048198899109743
2.15;0.5331801337652144;-3.1170000194446033
2.16;0.21933595273905954;-3.154657156868355
2.17;-0.09669975261885677;-3.160794054770616
2.18;-0.4117692632393316;-3.1353493958355423
2.19;-0.7227245139793134;-3.0785774146987874
2.2;-1.026458547995654;-2.99104535771892
2.21;-1.3199365603785647;-2.8736278152444164
2.22;-1.6002262208675744;-2.7274979830062978
2.23;-1.8645269726759521;-2.5541159399495825
2.24;-2.1101980146799253;-2.355214059627435
2.25;-2.3347846873843925;-2.1327797009223337
2.2600000000000002;-2.5360429990257476;-1.8890353510426008
2.27;-2.7119620467555343;-1.6264164191986135
2.2800000000000002;-2.8607841088802797;-1.3475469028366063
2.29;-2.981022207402853;-1.0552131695646372
2.3000000000000003;-3.0714749653865723;-0.7523361167326357
2.31;-3.13123861069247;-0.4419419868383661
2.32;-3.1597160061525824;-0.12713213036165455
2.33;-3.1566226159529505;0.18894798185384332
2.34;-3.1219893486123436;0.5031401870538014
2.35;-3.0561622481506965;0.8123051858391107
2.36;-2.959799036533039;1.113353908955234
2.37;-2.833862541935662;1.4032783821989603
2.38;-2.6796110784970457;1.679181781051135
2.39;-2.4985858736757827;1.938307374739922
2.4;-2.2925956688370084;2.1780660705355825
2.41;-2.0636986469329743;2.3960622830637597
2.42;-1.8141818678501398;2.5901178701600958
2.43;-1.5465384168976888;2.75829389610746
2.44;-1.2634424947618759;2.898910004805109
2.45;-0.9677226978187512;3.010561209299831
2.46;-0.6623337557791319;3.0921319299239425
2.47;-0.3503270090534784;3.1428071407759806
2.48;-0.03481992081661334;3.1620805131723593
2.49;0.28103507160284014;3.1497594747034943
2.5;0.5940820547821898;3.1059671333461045
2.5100000000000002;0.9011931719958932;3.0311410474066744
2.52;1.1992998756735633;2.9260288535864154
2.5300000000000002;1.4854235872610546;2.7916807968506294
2.54;1.7567054581419508;2.629439236741468
2.5500000000000003;2.010434934258673;2.4409252349834087
2.56;2.2440768390254493;2.22802235839348
2.57;2.4552967039301006;1.9928578589319652
2.58;2.641984093730091;1.7377814189360292
2.59;2.8022736931856116;1.4653416739065406
2.6;2.934563944638408;1.1782607474242857
2.61;3.037533050216177;0.8794070526338774
2.62;3.1101521787740873;0.5717666320535124
2.63;3.151695745614304;0.2584133220732654
2.64;3.161748662272154;-0.05752195975208696
2.65;3.140210483931636;-0.3728824977449955
2.66;3.0872964130307854;-0.6845173189125194
2.67;3.0035351490292523;-0.9893126763743589
2.68;2.88976360582252;-1.284223160840059
2.69;2.747118549584566;-1.5663021292803103
2.7;2.577025240590782;-1.8327311467596399
2.71;2.3811831925081597;-2.080848147257933
2.72;2.161549191441004;-2.308174032107655
2.73;1.9203177444000157;-2.512437440284444
2.74;1.659899152546887;-2.691597443054958
2.75;1.382895428298968;-2.84386393622496
2.7600000000000002;1.092074296921966;-2.9677155262354167
2.77;0.7903415423777574;-3.061914731394975
2.7800000000000002;0.4807119737380302;-3.125520346363427
2.79;0.16627930225728182;-3.1578968463445665
2.8000000000000003;-0.14981476991697773;-3.1587207370250554
2.81;-0.4644119405419355;-3.127983786812956
2.82;-0.7743688639391382;-3.0659931090805665
2.83;-1.0765885582129187;-2.973368093589861
2.84;-1.3680513492175677;-2.851034217760712
2.85;-1.6458450420918793;-2.7002137996175954
2.86;-1.9071940188975853;-2.5224137848081667
2.87;-2.1494869716281912;-2.3194106897216202
2.88;-2.3703029934896405;-2.0932328511500047
2.89;-2.5674357677578072;-1.846140159847752
2.9;-2.7389156125261844;-1.5806014804846915
2.91;-2.8830291610803274;-1.2992699836045727
2.92;-2.9983364812596203;-1.0049566360636288
2.93;-3.0836854627556796;-0.7006021148235422
2.94;-3.1382233285945462;-0.38924742472646084
2.95;-3.1614051557839677;-0.07400351382907605
2.96;-3.1529993199904665;0.24197981011119452
2.97;-3.1130898098449133;0.5555453514222289
2.98;-3.0420753877529108;0.8635600721202659
2.99;-2.940665605594922;1.1629463961372972
3.0;-2.8098737151259305;1.4507129593918209
3.0100000000000002;-2.651006543911497;1.7239844984589312
3.02;-2.465651437956389;1.9800305792025445
3.0300000000000002;-2.2556604014905446;2.216292878323258
3.04;-2.0231315923821596;2.430410745234107
3.0500000000000003;-1.7703883580693454;2.6202447888588605
3.06;-1.499956021476081;2.7838982536817762
3.0700000000000003;-1.2145366488595593;2.9197359714667863
3.08;-0.9169820516998642;3.026400699287146
3.09;-0.610265292387747;3.1028266806216607
3.1;-0.29745097841579743;3.148250294019765
3.11;0.01833535811684467;3.162217682937735
3.12;0.33393848973686985;3.1445892905113935
3.13;0.6462050195346135;3.0955412539554827
3.14;0.9520148888110775;3.0155636446573912
3.15;1.2483125516206885;2.905455571549651
3.16;1.5321375047245902;2.766317196686652
3.17;1.8006538679097877;2.5995387428032
3.18;2.0511787191178743;2.406786602687619
3.19;2.281208901268595;2.1899866891597575
3.2;2.48844603293379;1.951305192015182
3.21;2.670819472963774;1.6931269342055162
3.22;2.82650700961161;1.4180315435124977
3.23;2.9539530674367565;1.1287676778001408
3.24;3.0518842500710677;0.8282255613773614
3.25;3.119322063549261;0.5194081068782187
3.2600000000000002;3.1555926930767884;0.20540091119993842
3.27;3.160333735549086;-0.11065857471109736
3.2800000000000002;3.1334978205532478;-0.42561239418058694
3.29;3.075353083672372;-0.7363136380132256
3.3000000000000003;2.986480487363538;-1.0396578873166096
3.31;2.8677680161783097;-1.3326142317763503
3.3200000000000003;2.7204018043251468;-1.612255553458569
3.33;2.545854284224092;-1.8757877735545427
3.34;2.345869474469294;-2.1205777698441985
3.35;2.122445554196979;-2.3441796859368695
3.36;1.8778148979697724;-2.544359369416542
3.37;1.6144217706619137;-2.719116694714147
3.38;1.334897905210353;-2.866705547664552
3.39;1.042036207250395;-2.985651272069511
3.4;0.7387628493700671;-3.0747654039466283
3.41;0.42810803380775075;-3.1331575462448567
3.42;0.11317571572207469;-3.160244265378549
3.43;-0.20288741045134534;-3.1557549206890156
3.44;-0.5169233516787523;-3.1197343685876806
3.45;-0.8257943698983272;-3.052542514362016
3.46;-1.1264143332091847;-2.9548507161224995
3.47;-1.41577955142909;-2.827635076821154
3.48;-1.6909987879227208;-2.6721666913655304
3.49;-1.9493221478327156;-2.489998946275632
3.5;-2.188168554072352;-2.282951998781231
3.5100000000000002;-2.4051515365492917;-2.0530945904390965
3.52;-2.5981030769434508;-1.8027233769821902
3.5300000000000002;-2.765095270790276;-1.5343399809298288
3.54;-2.9044595904294477;-1.2506259962412043
3.5500000000000003;-3.0148035563503406;-0.9544161947571095
3.56;-3.0950246503599916;-0.6486702021418265
3.5700000000000003;-3.1443213315580607;-0.33644292632935374
3.58;-3.1622010450510323;-0.020854033942686978
3.59;-3.1484851433854097;0.29494322033281306
3.6;-3.1033106715266876;0.6077934999758772
3.61;-3.0271289975492603;0.9145709136563287
3.62;-2.9207013027189803;1.2122102480555217
3.63;-2.785090976029937;1.4977375944127225
3.64;-2.621652989186651;1.7683000627876244
3.65;-2.432020358193208;2.0211942871444153
3.66;-2.2180878268204838;2.2538934364445113
3.67;-1.981992934980616;2.4640724618625187
3.68;-1.7260946611670005;2.6496313278640287
3.69;-1.4529498523571616;2.8087159950284133
3.7;-1.1652876768827574;2.939736944963574
3.71;-0.8659823555248005;3.0413850622181555
3.72;-0.5580244432955453;3.1126447145047167
3.73;-0.24449094884952716;3.1528039005408424
3.74;0.07148540991976104;3.161461364114535
3.75;0.38674750691013804;3.1385306032926565
3.7600000000000002;0.6981453527189163;3.0842407347138447
3.77;1.0025675682432236;2.9991342043302316
3.7800000000000002;1.2969724724991765;2.8840613674714835
3.79;1.578418474041219;2.7401719923853225
3.8000000000000003;1.8440934623211227;2.568903772148249
3.81;2.0913429053184105;2.3719679597314998
3.8200000000000003;2.317696372700452;2.1513322697517197
3.83;2.5208922195020493;1.9092012177461566
3.84;2.6989001836937785;1.6479940934155453
3.85;2.84994167185206;1.3703207879184278
3.86;2.972507530243622;1.0789557167422215
3.87;3.0653731237618786;0.7768100987046752
3.88;3.1276105720517684;0.46690286806433556
3.89;3.1585980205639825;0.15233051037612927
3.9;3.1580258539054653;-0.16376387651826235
3.91;3.1258997894045892;-0.4782219872333855
3.92;3.0625408199812223;-0.7879018655310568
3.93;2.968582006892549;-1.0897092976559666
3.94;2.8449621544004606;-1.3806287286445331
3.95;2.6929164295610892;-1.6577533927019925
3.96;2.5139640208603247;-1.9183143565954675
3.97;2.309892959005996;-2.1597081858715317
3.98;2.0827422515421206;-2.379522957467047
3.99;1.8347815097899978;-2.575562358804323
4.0;1.568488271676707;-2.745867632580831
4.01;1.286523247033469;-2.888737147988787
4.0200000000000005;0.9917037327042839;-3.002743402815801
4.03;0.6869754630918714;-3.0867472865475447
4.04;0.37538317740051175;-3.139909461960506
4.05;0.0600401976576912;-3.161698751483946
4.0600000000000005;-0.25590267851958765;-3.1518974445374837
4.07;-0.5692886596011424;-3.1106034728152765
4.08;-0.87698650170861;-3.038229431782156
4.09;-1.1759217949167426;-2.935498458158635
4.1;-1.4631076816891415;-2.8034370045855628
4.11;-1.7356747005204949;-2.6433645836615214
4.12;-1.9908994565980198;-2.4568805838270165
4.13;-2.2262318330148294;-2.2458482888266116
4.14;-2.4393204706502494;-2.0123762604210347
4.15;-2.6280362621309923;-1.7587972703667647
4.16;-2.7904936251297117;-1.4876449921674801
4.17;-2.9250693424455547;-1.2016286854853273
4.18;-3.0304187806232057;-0.9036061261566091
4.19;-3.1054893250596436;-0.5965550522858016
4.2;-3.1495308973597322;-0.28354341171863606
4.21;-3.1621034498549165;0.03230129182882158
4.22;-3.143081362402439;0.34782324770224254
4.23;-3.09265469753383;0.6598698700737735
4.24;-3.011327301411702;0.9653232974849906
4.25;-2.899911769569481;1.2611315454355734
4.26;-2.7595213277346886;1.5443390007518547
4.2700000000000005;-2.5915587088598206;1.8121159530461117
4.28;-2.397702137497705;2.0617868681985243
4.29;-2.1798885615606367;2.2908571213630036
4.3;-1.9402942990057668;2.497037922389998
4.3100000000000005;-1.6813132928183823;2.6782691846201336
4.32;-1.405533191561767;2.8327401085516706
4.33;-1.1157094944885146;2.958907274716948
4.34;-0.8147380195463905;3.055510064990111
4.3500000000000005;-0.5056259693688939;3.1215832582418126
4.36;-0.1914618843491142;3.1564666744895074
4.37;0.12461521698464906;3.15981177118239
4.38;0.43944720195283854;3.1315851257132237
4.39;0.7498883786901194;3.0720687693610564
4.4;1.0528369268061255;2.9818573693282264
4.41;1.3452658896972245;2.8618522870278125
4.42;1.6242534188448887;2.7132525719890963
4.43;1.8870119679101542;2.537542981366853
4.44;2.1309161449269274;2.3364791447594104
4.45;2.353528944304711;2.1120700225635116
4.46;2.5526260965397127;1.8665578331360344
4.47;2.726218292340497;1.6023956493234444
4.48;2.87257105911247;1.3222228882067064
4.49;2.99022209120229;1.0288389389596455
4.5;3.077995860744463;0.7251751923220644
4.51;3.1350153631236464;0.4142657511594332
4.5200000000000005;3.1607108796961247;0.09921711475908845
4.53;3.1548256702164252;-0.21682286023305863
4.54;3.1174185380923687;-0.5306964121037507
4.55;3.0488632428374576;-0.8392674253311705
4.5600000000000005;2.9498447655912203;-1.1394527655620597
4.57;2.8213524650211754;-1.4282530852189628
4.58;2.664670191990314;-1.7027827919386704
4.59;2.4813634617609517;-1.960298880407643
4.6000000000000005;2.2732638119058746;-2.1982283395167417
4.61;2.04245050221714;-2.4141938609925093
4.62;1.791229739460728;-2.606037592633312
4.63;1.5221116345561132;-2.771842698816277
4.64;1.2377851224166516;-2.9099525128499595
4.65;0.9410910950430575;-3.018987089809109
4.66;0.6349940163147956;-3.097856994461403
4.67;0.32255230209455954;-3.1457741865220004
4.68;0.006887761597565767;-3.1622598944742744
4.69;-0.3088455946430971;-3.147149399284287
4.7;-0.6214930685550739;-3.100593680211827
4.71;-0.9279307951745649;-3.023057906273687
4.72;-1.225096955219995;-2.9153167884320004
4.73;-1.5100223677263367;-2.778446838946996
4.74;-1.7798601570691124;-2.6138156152360774
4.75;-2.0319141979554898;-2.4230680557108943
4.76;-2.263666054170008;-2.2081100441200157
4.7700000000000005;-2.4728001419123653;-1.971089366616627
4.78;-2.657226866303955;-1.7143742518216536
4.79;-2.8151034998912396;-1.440529708302583
4.8;-2.9448525945352406;-1.1522918958957127
4.8100000000000005;-3.0451777427219637;-0.8525407869446988
4.82;-3.115076530812261;-0.5442713906148449
4.83;-3.153850554806793;-0.2305638277998075
4.84;-3.1611123985520853;0.08544744437812057
4.8500000000000005;-3.136789504663903;0.4006049509760314
4.86;-3.081124899491079;0.7117597476240599
4.87;-2.994674764876236;1.015802883684081
4.88;-2.878302880975581;1.3096964658044867
4.89;-2.733171995663226;1.5905040114948006
4.9;-2.560732206753994;1.8554197894377533
4.91;-2.36270647312555;2.1017968533806277
4.92;-2.141073399507728;2.3271734895009812
4.93;-1.8980474669475058;2.5292978129938706
4.94;-1.6360569064799926;2.706150268120048
4.95;-1.3577194370840515;2.855963806902484
4.96;-1.065816110340521;2.977241544852725
4.97;-0.7632635231281477;3.068771717317227
4.98;-0.45308467599835023;3.1296397870050896
4.99;-0.13837876840183372;3.159237581723012
5.0;0.17770976743732114;3.1572693710164375
5.01;0.4920226845973065;3.123754821001242
5.0200000000000005;0.8014194775654631;3.059028797862359
5.03;1.1028087610787178;2.9637380219827527
5.04;1.3931791581711068;2.838834606133572
5.05;1.6696293888057452;2.685566542289681
5.0600000000000005;1.9293972584560897;2.505465232123052
5.07;2.169887256992671;2.300330185765038
5.08;2.3886964921168214;2.0722110417222184
5.09;2.583638698223556;1.8233870875966185
5.1000000000000005;2.7527660808054097;1.556344486232182
5.11;2.8943887781355655;1.2737514348359738
5.12;3.0070917457759214;0.9784315052755718
5.13;3.089748895205994;0.6733354319271698
5.14;3.1415343453044233;0.36151162896043526
5.15;3.1619306742622233;0.04607573164119544
5.16;3.1507340894775675;-0.2698205340153073
5.17;3.1080564637763577;-0.5830208421969663
5.18;3.034324217613411;-0.890395804206497
5.19;2.930274058422969;-1.1888742362263875
5.2;2.7969456196894966;-1.4754738455204663
5.21;2.6356710732866713;-1.7473310284662218
5.22;2.448061818874499;-2.0017294826862955
5.23;2.235992383349523;-2.236127347396679
5.24;2.001581691219271;-2.448182600794704
5.25;1.7471718930408835;-2.6357764607249576
5.26;1.4753049634628583;-2.797034554811834
5.2700000000000005;1.1886973026941772;-2.9303456485341286
5.28;0.8902125951741436;-3.0343777441172954
5.29;0.5828331966297096;-3.1080913893888615
5.3;0.26963033541089226;-3.150750063619572
5.3100000000000005;-0.046266574157785345;-3.1619275365785935
5.32;-0.361701199799485;-3.141512127273684
5.33;-0.6735218282616429;-3.0897078198245307
5.34;-0.9786128561404347;-3.00703222531987
5.3500000000000005;-1.2739259199077335;-2.894311410022856
5.36;-1.5565103541001428;-2.7526716415994947
5.37;-1.8235426733424671;-2.5835281358390065
5.38;-2.072354783631488;-2.3885709163050213
5.39;-2.3004606410027137;-2.169747928203104
5.4;-2.505581091215981;-1.9292455751850182
5.41;-2.6856666422704185;-1.6694668735592608
5.42;-2.838917942213742;-1.3930074421834409
5.43;-2.963803757638746;-1.1026295679391942
5.44;-3.0590762732321384;-0.8012346059184299
5.45;-3.123783559507973;-0.4918339900886872
5.46;-3.1572790841524516;-0.1775191440889899
5.47;-3.159228171946091;0.13856940720290783
5.48;-3.1296113487179866;0.45327341670537474
5.49;-3.0687245359205964;0.7634484712414298
5.5;-2.977176093880957;1.065995409423259
5.51;-2.8558807432711877;1.3578912873961309
5.5200000000000005;-2.7060504255328817;1.6362195830427546
5.53;-2.5291821935748886;1.8981993368581696
5.54;-2.32704325373648;2.141212938329675
5.55;-2.1016533084714424;2.362832280189962
5.5600000000000005;-1.8552643761789058;2.560843019219245
5.57;-1.5903382898141907;2.733266701190923
5.58;-1.3095220991057668;2.878380528896007
5.59;-1.0156216221508663;2.994734575731123
5.6000000000000005;-0.7115734106530471;3.081166272857928
5.61;-0.40041540891534316;3.1368120251833043
5.62;-0.08525659975417038;3.161115840097541
5.63;0.23075405937850596;3.1538348827551785
5.64;0.5444590996852527;3.1150419023921265
5.65;0.8527240893552224;3.0451245054361813
5.66;1.1524689517181974;2.94478128267381
5.67;1.4406987403005074;2.815014829169252
5.68;1.7145335632891532;2.6571217266785268
5.69;1.9712373584092941;2.472679588650628
5.7;2.208245230706529;2.2635312972577997
5.71;2.423189080084361;2.0317665899530475
5.72;2.613921262535419;1.7797011795356517
5.73;2.7785360486516453;1.5098536163497687
5.74;2.9153886650075083;1.224920123801032
5.75;3.023111728161378;0.9277476586259599
5.76;3.1006289070722635;0.6213054650866301
5.7700000000000005;3.1471656774218304;0.30865540731125385
5.78;3.162257060388284;-0.007078623790384653
5.79;3.1457522685490207;-0.3227419233611289
5.8;3.097816212491842;-0.6351804933124812
5.8100000000000005;3.0189278530812387;-0.9412725559784099
5.82;2.9098754158433757;-1.2379597458334448
5.83;2.7717485152860193;-1.5222776676182488
5.84;2.6059272678445144;-1.7913855155464935
5.8500000000000005;2.4140685022335164;-2.04259445764822
5.86;2.1980892049858944;-2.2733945016431987
5.87;1.960147366585273;-2.4814795739098314
5.88;1.7026204195710428;-2.66477056096927
5.89;1.428081484054837;-2.8214360832622702
5.9;1.139273657995063;-2.949910793654447
5.91;0.8390826091121604;-3.0489110178376557
5.92;0.5305077422966782;-3.1174475803540727
5.93;0.21663223059543946;-3.1548356880898387
5.94;-0.09940779078421247;-3.160701772485868
5.95;-0.4144545596492588;-3.1349872221008668
5.96;-0.7253602380847477;-3.077948968232137
5.97;-1.0290183645571576;-2.9901569177428833
5.98;-1.3223948925988886;-2.87248825874637
5.99;-1.602558505946126;-2.726118696042594
6.0;-1.866709907231756;-2.552510703879993
6.01;-2.1122097875908965;-2.353398913416555
6.0200000000000005;-2.3366051977164766;-2.1307727808837873
6.03;-2.5376540568744494;-1.8868567096272604
6.04;-2.7133475549931023;-1.6240878246374484
6.05;-2.8619302239925877;-1.3450916216400524
6.0600000000000005;-2.9819174778089566;-1.0526557340516822
6.07;-3.0721104458588955;-0.7497020799123881
6.08;-3.1316079517343787;-0.4392576670932461
6.09;-3.1598155174403146;-0.12442434848324391
6.1000000000000005;-3.156451303208013;0.19165217064884504
6.11;-3.12154892353596;0.5058137634499118
6.12;-3.0554571113210454;0.8149214363896833
6.13;-2.958836233436167;1.1158866929939375
6.140000000000001;-2.8326516925693976;1.4057023930282326
6.15;-2.6781642812512843;1.6814727987979072
6.16;-2.496917584449542;1.940442508352166
6.17;-2.2907225566000715;2.1800239865017357
6.18;-2.0616394271753005;2.3978234185697445
6.19;-1.8119571155831578;2.5916646285541405
6.2;-1.5441703610759019;2.7596108227197074
6.21;-1.2609547961788428;2.899983941365281
6.22;-0.965140212696632;3.0113814254100646
6.23;-0.6596822874139303;3.0926902302731674
6.24;-0.3476330499974537;3.143097947024585
6.25;-0.03211038817388706;3.1621009196889873
6.26;0.2837331051226489;3.1495092775970677
6.2700000000000005;0.5967416313650808;3.1054488325029945
6.28;0.9037877180766017;3.030359821512668
6.29;1.201803467449392;2.924992508383047
6.3;1.4878112097135003;2.7903996871428856
6.3100000000000005;1.7589532549780713;2.6279261629361366
6.32;2.0125204462748676;2.439195315191824
6.33;2.2459792285120033;2.2260928773765705
6.34;2.456996962874323;1.990748095396895
6.3500000000000005;2.6434652337377536;1.7355124529100214
6.36;2.803520915223056;1.4629361761125395
6.37;2.9355647868993224;1.1757427527629423
6.38;3.038277512635605;0.8768017200351483
6.390000000000001;3.110632822945572;0.5690999930973515
6.4;3.1519077691118254;0.25571202089110306
6.41;3.161689946634266;-0.06023093269626262
6.42;3.139881615828362;-0.37557207533398845
6.43;3.086700678401776;-0.6871606278211639
6.44;3.002678500251781;-0.9918833055784513
6.45;2.8886546022373576;-1.2866954255061351
6.46;2.745768271973984;-1.5686513273995737
6.47;2.57544718046319;-1.8349338059618427
6.48;2.3793931172956024;-2.0828822593391334
6.49;2.159564986956423;-2.310019272928529
6.5;1.9181592361283881;-2.5140753728420067
6.51;1.6575879075558364;-2.6930117016986674
6.5200000000000005;1.3804545397480883;-2.845040390176589
6.53;1.0895281533239674;-2.968642420778849
6.54;0.7877155839168979;-3.0625828053252175
6.55;0.47803243808061213;-3.1259229245213174
6.5600000000000005;0.16357296239398955;-3.1580299063126107
6.57;-0.15252087317751273;-3.1585829493179904
6.58;-0.4670907687555094;-3.127576528161468
6.59;-0.7769936511847215;-3.065320448675436
6.6000000000000005;-1.079133078528442;-2.972436752423987
6.61;-1.3704901786406218;-2.849853501475246
6.62;-1.6481538126871085;-2.6987955055231705
6.63;-1.9093496622326223;-2.5207720840102312
6.640000000000001;-2.1514679492654065;-2.31756198552764
6.65;-2.3720895121907106;-2.0911956151732785
6.66;-2.569009977250857;-1.843934747445436
6.67;-2.740261783859477;-1.5782499273741126
6.68;-2.8841338437804613;-1.2967957856899683
6.69;-2.9991886377239565;-1.0023845146732095
6.7;-3.0842765785362025;-0.6979577697025463
6.71;-3.138547497471236;-0.38655727725420985
6.72;-3.1614591387776647;-0.07129444302571564
6.73;-3.1527825777255885;0.24468073615053715
6.74;-3.1126045079386726;0.5582111459824564
6.75;-3.0413263751771806;0.8661640995081965
6.76;-2.9396603662269563;1.1654626378162587
6.7700000000000005;-2.808622292972024;1.453116273949826
6.78;-2.649521442750727;1.7262508728129253
6.79;-2.4639474964071613;1.9821373685287784
6.8;-2.2537546447482373;2.218219032316485
6.8100000000000005;-2.0210430621092534;2.432137018434903
6.82;-1.768137922137715;2.621753932947546
6.83;-1.4975661654624386;2.7851751898176107
6.84;-1.2120312513773577;2.9207679409504803
6.8500000000000005;-0.914386145812462;3.0271773910413216
6.86;-0.6076048154867153;3.1033403342155217
6.87;-0.2947525130634967;3.1484957772085935
6.88;0.021044849791007625;3.1621925429424613
6.890000000000001;0.3366319354326825;3.1442937785258755
6.9;0.6488555072780833;3.0949783226366274
6.91;0.9545959358495298;3.0147389186231934
6.92;1.2507983690292304;2.904377291179927
6.93;1.5345032550800846;2.7649961357879893
6.94;1.802875913457748;2.597988100960787
6.95;2.053234857952684;2.4050218733795385
6.96;2.283078589167219;2.188025504951504
6.97;2.4901105886264965;1.9491671483811563
6.98;2.6722622647908687;1.6908333937378235
6.99;2.827713621701177;1.4156054224733199
7.0;2.9549114437430144;1.1262332171503795
7.01;3.052584814834161;0.8256080845693547
7.0200000000000005;3.119757816972893;0.5167337668325833
7.03;3.1557592812677187;0.20269642899465506
7.04;3.160229494019685;-0.11336617682842459
7.05;3.1331237908524403;-0.4282960627896511
7.0600000000000005;3.0747130029788066;-0.7389465588293997
7.07;2.9855807511449566;-1.0422137531099653
7.08;2.8666176142902167;-1.3350675052243584
7.09;2.71901223118726;-1.6145817223061483
7.1000000000000005;2.5442394239720567;-1.8779635955319884
7.11;2.344045462229186;-2.1225815048958534
7.12;2.1204306148686967;-2.3459913134401917
7.13;1.875629164130136;-2.5459607882211883
7.140000000000001;1.6120870814069206;-2.7204919040023583
7.15;1.3324375879464898;-2.8678408068257375
7.16;1.039474844615271;-2.9865352379916286
7.17;0.7361260336112163;-3.0753892443525865
7.18;0.4254221110737671;-3.1335150279415283
7.19;0.11046752282103178;-3.160331816536635
7.2;-0.20559081419596903;-3.155571666531487
7.21;-0.5195949547954417;-3.1192821401302093
7.22;-0.8284074786567754;-3.051825830118064
7.23;-1.1289428383347726;-2.9538767369558645
7.24;-1.4181981889776856;-2.8264135343970676
7.25;-1.6932833917092251;-2.670709790915203
7.26;-1.9514498908911788;-2.488321244645785
7.2700000000000005;-2.1901181767350724;-2.281070258987106
7.28;-2.406903558866013;-2.0510276141741985
7.29;-2.5996399933182355;-1.800491816758263
7.3;-2.7664017248913164;-1.5319661337241044
7.3100000000000005;-2.90552252862417;-1.2481335807127247
7.32;-3.015612358132739;-0.9518301142581012
7.33;-3.0955712344670014;-0.646016295892035
7.34;-3.144600236714698;-0.3337477112395188
7.3500000000000005;-3.162209484537523;-0.01814443966676732
7.36;-3.1482230328810865;0.29764012046939725
7.37;-3.1027806299524565;0.610450759483514
7.38;-3.026336320900215;0.9171619821211812
7.390000000000001;-2.91965391114862;1.2147092364220389
7.4;-2.7837993347147063;1.5001195336580844
7.41;-2.620130003761495;1.7705411534035358
7.42;-2.430281245802917;2.0232721369335134
7.43;-2.216149964075231;2.2557872842554074
7.44;-1.9798756843348735;2.465763385027992
7.45;-1.7238191774565892;2.651102431269721
7.46;-1.4505388714274519;2.809952579922919
7.47;-1.1627652884199742;2.940726655823228
7.48;-0.8633737623602238;3.042118010199105
7.49;-0.5553557095875552;3.113113576248781
7.5;-0.2417887396595707;3.153003991347929
7.51;0.07419409505521352;3.1613906847505007
7.5200000000000005;0.38943560374959185;3.1381898599649225
7.53;0.7007860027323576;3.08363333201518
7.54;1.0051343869732228;2.9982662112212073
7.55;1.2994398131852196;2.882941456641488
7.5600000000000005;1.5807616838732237;2.7388113535980256
7.57;1.8462891287617431;2.567316000437332
7.58;2.0933690900329647;2.3701689195637665
7.59;2.319532830757124;2.1493399365148216
7.6000000000000005;2.522520601652196;1.90703549814473
7.61;2.7003042197112244;1.6456766265703042
7.62;2.851107333099519;1.3678747291555595
7.63;2.973423169841939;1.0764055062333846
7.640000000000001;3.06602959296157;0.7741812172692734
7.65;3.128001311644115;0.46422158257400226
7.66;3.158719126418331;0.14962361130525553
7.67;3.157876115977907;-0.16646934277365366
7.68;3.1254807038282646;-0.4808989885938414
7.69;3.0618565741174373;-0.7905236543288464
7.7;2.967639437492079;-1.092249677888486
7.71;2.8437706792930744;-1.3830623177156607
7.72;2.691487953555826;-1.6600558750361647
7.73;2.512312816796743;-1.9204627265904533
7.74;2.308035525144882;-2.161680977762403
7.75;2.0806971467205657;-2.381300459804629
7.76;1.8325691679879121;-2.5771268114051247
7.7700000000000005;1.566130797847561;-2.7472034039806066
7.78;1.2840441962392504;-2.8898308916266684
7.79;0.989127874761476;-3.0035841903884686
7.8;0.6843285350800313;-3.087326717201007
7.8100000000000005;0.37269162650629345;-3.1402217462284803
7.82;0.05733091692372916;-3.1617407691341586
7.83;-0.25860261890062913;-3.1516687757479116
7.84;-0.571952282762538;-3.110106402368825
7.8500000000000005;-0.8795871936530577;-3.037468926237864
7.86;-1.1784335704341795;-2.9344821162275037
7.87;-1.4655054439919313;-2.8021749812068384
7.88;-1.7379344920018043;-2.6418694885380316
7.890000000000001;-1.992998698207892;-2.4551673554333635
7.9;-2.2281495498621924;-2.2439340451490897
7.91;-2.4410375015767234;-2.0102801279206233
7.92;-2.6295354511625053;-1.7565401928741435
7.930000000000001;-2.791759992893008;-1.4852495216195196
7.94;-2.9260902358368623;-1.1991187565939434
7.95;-3.0311839992336225;-0.9010068172614127
7.96;-3.105991223094049;-0.5938923347800209
7.97;-3.1497644600308803;-0.28084389055195985
7.98;-3.162066343489413;0.03501064397767217
7.99;-3.1427739577579596;0.3505153599271601
8.0;-3.092080066094599;0.6625178437243603
8.01;-3.010491184699253;0.9679006749285315
8.02;-2.898822521775328;1.2636125744125097
8.03;-2.7581898322481098;1.5466988916834108
8.040000000000001;-2.5899982695247763;1.8143311267231454
8.05;-2.3959283456854146;2.063835191376781
8.06;-2.1779191403859794;2.2927181279107884
8.07;-1.9381489262440408;2.4986930177786344
8.08;-1.6790134042917795;2.679701831714012
8.09;-1.4031017669600563;2.833935992841537
8.1;-1.1131708277639383;2.9598544473454784
8.11;-0.8121174761769108;3.0561990621407147
8.120000000000001;-0.5029497329151289;3.122007195697765
8.13;-0.1887566948372802;3.1566213164186188
8.14;0.12732233023980322;3.1596955724599325
8.15;0.4421291904155634;3.1311992473602444
8.16;0.7525184448632434;3.07141706694382
8.17;1.0553887919823388;2.9809463544346997
8.18;1.347714056526791;2.8606910622060995
8.19;1.6265734260963016;2.7118527397979033
8.2;1.8891806348782527;2.5359185284467154
8.21;2.1329118030464373;2.3346463020830046
8.22;2.3553316536550044;2.110047103261379
8.23;2.5542178450775475;1.8643650495181108
8.24;2.7275831758700724;1.6000549109246514
8.25;2.873695440194599;1.3197575828744614
8.26;2.9910947354149275;1.0262736991705903
8.27;3.0786080489331145;0.7225356490628936
8.28;3.135360978520098;0.41157827783096096
8.290000000000001;3.1607864690350325;0.09650856366237398
8.3;3.1546304782391053;-0.21952542619558674
8.31;3.116954515093043;-0.5333659898314219
8.32;3.048135025176554;-0.8418773413306779
8.33;2.94885962937043;-1.1419769424597395
8.34;2.8201202533831364;-1.4306663023168489
8.35;2.663203216769311;-1.7050609372109409
8.36;2.4796763804673088;-1.962419191419594
8.370000000000001;2.271373481273168;-2.200169630859113
8.38;2.0403758097755396;-2.4159367359587174
8.39;1.788991414819324;-2.6075646370245815
8.4;1.519732042279835;-2.773138654938242
8.41;1.2352880385672775;-2.911004431962217
8.42;0.9385014696170405;-3.0197844615045053
8.43;0.6323377239515455;-3.09839185168234
8.44;0.31985588354601735;-3.146041185164473
8.45;0.004178158542215482;-3.1622563667842662
8.46;-0.3115413087921309;-3.1468753805130043
8.47;-0.6241479591581718;-3.1000519082634437
8.48;-0.9305183354871779;-3.02225379434912
8.49;-1.2275912914386602;-2.9142583709420475
8.5;-1.5123985773108957;-2.7771446912352564
8.51;-1.7820944977600663;-2.612282747913756
8.52;-2.0339843449983968;-2.4213197846592567
8.53;-2.265551323376658;-2.20616383745939
8.540000000000001;-2.4744816963299847;-1.9689646701709793
8.55;-2.658687904427472;-1.71209229482264
8.56;-2.8163294235380634;-1.4381132912744126
8.57;-2.9458311547052;-1.1497651628402041
8.58;-3.045899161985032;-0.8499289841027792
8.59;-3.1155336010012094;-0.5416006142148599
8.6;-3.1540387090386575;-0.2278607633130575
8.61;-3.161029756858839;0.08815578886935327
8.620000000000001;-3.1364368927764077;0.40329151463386753
8.63;-3.080505840588631;0.7143976872375205
8.64;-2.9937954443841446;1.018365841877128
8.65;-2.877172084762509;1.3121588343897672
8.66;-2.7318010222558042;1.592841187341752
8.67;-2.559134754445833;1.8576084202985284
8.68;-2.360898503108611;2.103815071217629
8.69;-2.1390729763936043;2.3290011289846806
8.700000000000001;-1.8958745782720672;2.530916612987756
8.71;-1.6337332629948387;2.707544054139533
8.72;-1.355268255830197;2.8571186527247123
8.73;-1.0632618826717615;2.9781459116625233
8.74;-0.7606317700019386;3.0694165689989066
8.75;-0.4504016929792464;3.130018680428143
8.76;-0.135671362925328;3.159346731119599
8.77;0.18041454391539308;3.157107685807426
8.78;0.4946978068895238;3.1233239166928595
8.790000000000001;0.8040382167791087;3.058332979904577
8.8;1.10534495168159;2.9627842427506894
8.81;1.3956074594284247;2.8376323954617355
8.82;1.67192553797596;2.6841279122531367
8.83;1.93153831321576;2.5038045570169056
8.84;2.171851824668174;2.2984640584814353
8.85;2.390464943432499;2.070158107959899
8.86;2.5851933634305975;1.8211678595595382
8.870000000000001;2.7540914262318195;1.5539811376786674
8.88;2.89547156139319;1.2712675795262043
8.89;3.007921148073762;0.9758519610310679
8.9;3.090316629447779;0.6706859726597196
8.91;3.141834738890358;0.35881872714810387
8.92;3.161960725767604;0.04336629382450574
8.93;3.1504934986419366;-0.27251943607419166
8.94;3.1075476345035646;-0.5856822420058909
8.950000000000001;3.0335522339526024;-0.8929931099831423
8.96;2.929246633770497;-1.1913814965941196
8.97;2.7956730197193056;-1.4778660088054727
8.98;2.6341660133792115;-1.7495841930051261
8.99;2.446339337069026;-2.0038211356432627
9.0;2.2340696900892;-2.238036589703836
9.01;1.999477997390363;-2.449890355968346
9.02;1.744908218024227;-2.637265665471125
9.03;1.4729039251154803;-2.798290329516794
9.040000000000001;1.1861828913594976;-2.9313554459362785
9.05;0.8876099339787756;-3.0351314746750115
9.06;0.5801682904618847;-3.108581522091662
9.07;0.2669298110886346;-3.1509717012353238
9.08;-0.04897573393258886;-3.161878464584918
9.09;-0.36439192604287823;-3.141192835984659
9.1;-0.6761672361714908;-3.089121499491605
9.11;-0.9811865137200293;-3.006184734255941
9.120000000000001;-1.2764021120651212;-2.8932112160680044
9.13;-1.5588643395843849;-2.75132973751323
9.14;-1.8257509319496155;-2.5819579294643957
9.15;-2.0743952512102792;-2.3867880966021433
9.16;-2.3023129299118885;-2.1677703084903754
9.17;-2.507226694030493;-1.927092915154672
9.18;-2.6870891167011735;-1.6671606818453344
9.19;-2.840103075393213;-1.3905707614549483
9.200000000000001;-2.9647397081309803;-1.1000867446657572
9.21;-3.059753689348241;-0.7986110471087883
9.22;-3.124195672744899;-0.48915590943267456
9.23;-3.1574217768215065;-0.17481330003943474
9.24;-3.159100018315406;0.14127597879135934
9.25;-3.1292136292579014;0.45595367270913556
9.26;-3.0680612245096053;0.7660756314734734
9.27;-2.9762538181000577;1.068543224211446
9.28;-2.854708718183357;1.3603342998608121
9.290000000000001;-2.704640361609328;1.6385333834530624
9.3;-2.5275481796880577;1.9003608065255595
9.31;-2.3252016163888976;2.143200480601817
9.32;-2.09962244866694;2.3646260362369684
9.33;-1.853064585566151;2.5624250664561843
9.34;-1.587991547939551;2.7346212323540344
9.35;-1.3070518538012919;2.879494009983364
9.36;-1.0130525552516705;2.9955958812296513
9.370000000000001;-0.7089311913849654;3.081766796905633
9.38;-0.3977264374169256;3.1371457675560244
9.39;-0.08254774329565379;3.1611794661610655
9.4;0.23345573484364052;3.1536277567837185
9.41;0.547126599953892;3.1145660939202298
9.42;0.8553307616913253;3.044384768580623
9.43;1.1549887511576746;2.9437850086320716
9.44;1.4431064898834514;2.813771972369206
9.450000000000001;1.7168052056192677;2.6556447053172136
9.46;1.97335019602703;2.4709831606159094
9.47;2.2101781528742;2.261632412672634
9.48;2.424922773717284;2.029684221815716
9.49;2.6154384051715236;1.7774561341481196
9.5;2.779821481531475;1.5074683254283143
9.51;2.9164295445352506;1.222418420346303
9.52;3.0238976542335827;0.9251545387918871
9.53;3.1011520269920307;0.61864683842752
9.540000000000001;3.1474207643601972;0.30595783790250475
9.55;3.1622415656088476;-0.009788182771309606
9.56;3.145466346873991;-0.3254363989414979
9.57;3.0972627207550736;-0.6378329632280395
9.58;3.0181123215837022;-0.9438565176712943
9.59;2.908805993096273;-1.2404493812565345
9.6;2.7704358865936523;-1.5246481012001183
9.61;2.6043845485404;-1.7936130627394724
9.620000000000001;2.412311106636493;-2.044656861576153
9.63;2.1961346923855687;-2.2752711554844054
9.64;1.958015265795666;-2.4831517267932903
9.65;1.7003320338054317;-2.666221505326786
9.66;1.4256596780714212;-2.8226513217646665
9.67;1.1367426296402168;-2.950878184063814
9.68;0.8364676475439351;-3.0496208943283434
9.69;0.5278349753043006;-3.117892850090231
9.700000000000001;0.21392836353950145;-3.1550119020945346
9.71;-0.10211574180245236;-3.160607170093681
9.72;-0.4171395377233834;-3.13462274854981
9.73;-0.7279954158463964;-3.077318265219129
9.74;-1.0315774122257735;-2.9892662870371396
9.75;-1.3248522410597365;-2.871346599224277
9.76;-1.6048896022279993;-2.7247374147731884
9.77;-1.8688914598317252;-2.5509036021494556
9.78;-2.114219999194903;-2.3515820488305166
9.790000000000001;-2.338423982990505;-2.128764306925276
9.8;-2.5392632431501885;-1.8846766942733766
9.81;-2.714731063842909;-1.6217580498470754
9.82;-2.863074231879527;-1.342635365716064
9.83;-2.982810554206749;-1.0500975390522014
9.84;-3.072743667461736;-0.7470675064350459
9.85;-3.1319749916154738;-0.4365730388825509
9.86;-3.159912708268303;-0.12171648941285534
9.870000000000001;-3.156277673889629;0.19435620459095532
9.88;-3.121106208918825;0.5084869544955011
9.89;-3.0547497348596337;0.8175370749423967
9.9;-2.957871262994148;1.118418644502317
9.91;-2.831438769799959;1.4081253591130733
9.92;-2.6767155252610446;1.6837625700248668
9.93;-2.495247470708612;1.942576206124012
9.94;-2.28884777230815;2.181980291653327
9.950000000000001;-2.0595787045289367;2.399582784381706
9.96;-1.8097310446101205;2.593209476056871
9.97;-1.5418011839067447;2.760925716336314
9.98;-1.2584661848112353;2.901055743138474
9.99;-0.9625570324729582;3.0121994262720326
10.0;-0.6570303485754041;3.0932462570468324
