0.0;-1.0 3.0
0.01;-0.6957605985037407 3.0847880299251873
0.02;-0.38458094166081064 3.138805106933415
0.03;-0.06956506594844603 3.1615124073138783
0.04;0.24614472563372863 3.1526834243296142
0.05;0.5593992082320257 3.1124062276363267
0.06;0.867073648852946 3.041082584782078
0.07;1.1660989757695976 2.939423953550951
0.08;1.4534923927035102 2.8084443851272964
0.09;1.7263871324034725 2.6494504088719473
0.1;1.9820610528275897 2.464027999610394
0.11;2.217963790679861 2.254026757435022
0.12;2.431742201443056 2.0215414578288766
0.13;2.621263832141981 1.768891156149625
0.14;2.784638192694852 1.4985960549077837
0.15;2.920235613669719 1.2133523645895552
0.16;3.0267035023386537 0.9160054087891367
0.17;3.1029798348745343 0.6095212419284775
0.18;3.1483037501049336 0.29695706267950417
0.19;3.1622231391497473 -0.018569281783229863
0.2;3.1445991552354613 -0.3339103965024903
0.21;3.095607598700373 -0.6459207341992821
0.22;3.015737163375256 -0.9514879723030636
0.23;2.9057845618319322 -1.2475640585634231
0.24;2.766846578125696 -1.5311956155613047
0.25;2.6003091273059864 -1.7995534008328888
0.26;2.4078334308273646 -2.0499605287395566
0.27;2.191339445761936 -2.2799191725690218
0.28;1.9529867131078598 -2.487135480512512
0.29;1.695152816233256 -2.669542456979568
0.3;1.4204096643338817 -2.825320581007925
0.31;1.1314978374785583 -2.9529159560985474
0.32;0.8312992491521269 -3.051055810430082
0.33;0.5228083989887666 -3.118761192837127
0.34;0.20910250245145345 -3.155356737909138
0.35000000000000003;-0.10668920458412867 -3.160477402802505
0.36;-0.4214166801525375 -3.134072108565672
0.37;-0.7319404980635645 -3.076404249654867
0.38;-1.035163163874207 -2.988049066557979
0.39;-1.3280600125888473 -2.8698879077348263
0.4;-1.607709379881155 -2.7230994381113267
0.41000000000000003;-1.8713217458778901 -2.549147881823375
0.42;-2.116267560793549 -2.349768416489803
0.43;-2.340103474853412 -2.126949864707455
0.44;-2.5405967108598744 -1.882914855421791
0.45;-2.7157473362841933 -1.6200976530645876
0.46;-2.8638082127181463 -1.3411198756144707
0.47000000000000003;-2.983302423688577 -1.0487643437941347
0.48;-3.0730380069912906 -0.7459473222601414
0.49;-3.132119844588356 -0.4356894296811591
0.5;-3.1599585914663355 -0.12108550787842454
0.51;-3.1562765543895384 0.19472624941436917
0.52;-3.1211104619073593 0.508595600229214
0.53;-3.0548110979847083 0.8173916782238175
0.54;-2.95803980291009 1.1180342232685576
0.55;-2.8317618763849963 1.4075243072333121
0.56;-2.6772369485992047 1.6829742484825223
0.5700000000000001;-2.496006415341102 1.9416364166795377
0.58;-2.289878062478599 2.180930640570523
0.59;-2.060908033182394 2.3984699453535727
0.6;-1.8113803177696568 2.592084362901175
0.61;-1.5437839707582197 2.759842577327569
0.62;-1.260788282392586 2.90007118998511
0.63;-0.9652161523073255 3.0113714117201056
0.64;-0.6600159309272287 3.0926330158818334
0.65;-0.3482320094880072 3.1430454129025955
0.66;-0.03297445204391786 3.162105735979192
0.67;0.2826120276150735 3.1496238572006345
0.68;0.5953794346794008 3.1057242840859107
0.6900000000000001;0.9022078947643825 3.030844917613722
0.7000000000000001;1.2000367748517147 2.9257326841329174
0.71;1.4858952132946408 2.7914360847256
0.72;1.756931754348094 2.6292947363434633
0.73;2.0104427916175265 2.4409260090451825
0.74;2.243899536701248 2.2282088926292443
0.75;2.454973244012389 1.9932652535935624
0.76;2.641558440161311 1.7384386693848775
0.77;2.8017939261839357 1.4662710510676153
0.78;2.934081343117444 1.1794772876025466
0.79;3.037101115730579 0.8809181646601455
0.8;3.1098256153688455 0.5735718281051743
0.81;3.151529410614405 0.26050407680601184
0.8200000000000001;3.1617965035096964 -0.05516221890019318
0.8300000000000001;3.1405244791629956 -0.3702782680338278
0.84;3.087925527343347 -0.681700768359145
0.85;3.0045243258743883 -0.9863232610200318
0.86;2.8911528069403487 -1.2811071176607687
0.87;2.7489418585106447 -1.5631118509333186
0.88;2.5793100436618817 -1.8295244460419449
0.89;2.383949450322726 -2.0776874207411753
0.9;2.164808812591324 -2.305125333886878
0.91;1.9240740719911797 -2.509569478116003
0.92;1.6641465725681812 -2.6889805103439715
0.93;1.3876191073340287 -2.841568794339082
0.9400000000000001;1.0972500549942998 -2.965812252455499
0.9500000000000001;0.7959358649488921 -3.0604715484526586
0.96;0.48668216502868233 -3.1246024499515372
0.97;0.17257378017053066 -3.1575652472114983
0.98;-0.14325603890378608 -3.159031134274836
0.99;-0.4576568700588631 -3.1289854888267037
1.0;-0.7674925454028791 -3.067728018053617
