0.0;1.0;3.0
0.01;1.2942643391521198;2.8852867830423943
0.02;1.5756183108314006;2.741792650543218
0.03;1.8412553916295702;2.57094896542017
0.04;2.0885258351047513;2.374459904083454
0.05;2.3149631031674165;2.154285457169846
0.06;2.5183084699516036;1.9126218785138953
0.07;2.696533552746249;1.6518797773790028
0.08;2.847860545239186;1.3746600724797313
0.09;2.9707799512459467;1.0837280476554747
0.1;3.064065642028309;0.781985767991762
0.11;3.1267870870049026;0.4724431315401015
0.12;3.158318635851771;0.15818784539726782
0.13;3.1583457594033604;-0.15764537436548876
0.14;3.126868187100552;-0.47190607169068444
0.15;3.0641999096895085;-0.7814594765301874
0.16;2.970966047144405;-1.0832177743718832
0.17;2.8480966130567142;-1.3741709073819393
0.18;2.6968172376916497;-1.6514165999193575
0.19;2.5186369422498602;-1.9121893089164332
0.2;2.3153330862868753;-2.15388781034327
0.21;2.088933638440729;-2.37410114657965
0.22;1.8416969473183666;-2.5706326758676052
0.23;1.5760892143274918;-2.7415219839498985
0.24;1.294759893163774;-2.885064439324462
0.25;1.0005152613450559;-2.9998281970499034
0.26;0.6962904274181576;-3.0846684814880643
0.27;0.3851200530681355;-3.1387390055123796
0.28;0.07010808217878028;-3.1615004122747257
0.29;-0.24560322120113642;-3.152725655323608
0.3;-0.5588646171376503;-3.1125022634066686
0.31;-0.8665513036762824;-3.0412314673659724
0.32;-1.1655940869363481;-2.9396241978353412
0.33;-1.4530099965112633;-2.808693993662961
0.34;-1.7259320407843206;-2.6497468917981823
0.35000000000000003;-1.9816378053488064;-2.4643683994915264
0.36;-2.2175766092614335;-2.2544076787610146
0.37;-2.431394948243772;-2.0219591008857543
0.38;-2.6209599710341527;-1.7693413549218582
0.39;-2.7843807547119734;-1.4990743186345519
0.4;-2.9200271667717197;-1.2138539225603675
0.41000000000000003;-3.0265461257963366;-0.9165252579319647
0.42;-3.102875098528721;-0.6100541967157119
0.43;-3.148252698707202;-0.29749780685391586
0.44;-3.1622262819409737;0.018026142178492854
0.45;-3.144656460866107;0.3333702793188469
0.46;-3.095718495543199;0.6453890271393122
0.47000000000000003;-3.0159005452273417;0.9509699791778393
0.48;-2.905998798949117;1.2470649463866623
0.49;-2.76710953347938;1.5307203630080872
0.5;-2.6006181779001225;1.7991067485770624
0.51;-2.4081854938630087;2.049546932165219
0.52;-2.1917310093883584;2.2795427573277873
0.53;-1.9534138714534754;2.486800001369879
0.54;-1.6956113083669366;2.6692512603609
0.55;-1.4208949167680094;2.8250765716176476
0.56;-1.1320050097898502;2.9527215679455407
0.5700000000000001;-0.8318232822651587;3.0509129825482915
0.58;-0.5233440656405652;3.1186713499435776
0.59;-0.20964445933377168;3.155320776192295
0.6;0.1061463635249798;3.1604956809827347
0.61;0.4208783697899659;3.1341444443169877
0.62;0.7314120880769973;3.07652992142364
0.63;1.0346499251862034;2.98822682076048
0.64;1.3275670647873175;2.8701159712618045
0.65;1.607241640151152;2.7233755360148812
0.66;1.8708838799523813;2.549469260009705
0.67;2.11586393641244;2.3501318691914643
0.68;2.339738118195068;2.1273517664610893
0.6900000000000001;2.54027326637974;1.883351197232349
0.7000000000000001;2.715469030361123;1.6205640823953058
0.71;2.8635778214710736;1.3416117398036962
0.72;2.9831222452845543;1.049276736465915
0.73;3.0729098387211318;0.7464751322656309
0.74;3.132044964938546;0.4362273920826471
0.75;3.1599377473660497;0.12162825646741732
0.76;3.1563099537599766;-0.194184128588884
0.77;3.1211977715877195;-0.5080595148562688
0.78;3.0549514470554846;-0.816866975788429
0.79;2.958231791380552;-1.117526137710231
0.8;2.832003589158182;-1.4070379067371679
0.81;2.6775259745751323;-1.6825143849238338
0.8200000000000001;2.4963398714676424;-1.9412076772259725
0.8300000000000001;2.290252622510101;-2.18053730192486
0.84;2.0613199608591923;-2.3981159310933244
0.85;1.8118255040874933;-2.591773204340659
0.86;1.5442579749558192;-2.759577378292825
0.87;1.261286376248526;-2.8998545958530424
0.88;0.9657333673043397;-3.011205583030686
0.89;0.6605471078134766;-3.092519606786577
0.9;0.3487718497409329;-3.1429855546642975
0.91;0.033517570723342494;-3.162100025687512
0.92;-0.2820710481518375;-3.1496723518160876
0.93;-0.5948459907362261;-3.1058264998716845
0.9400000000000001;-0.9016873074778593;-3.0309998349609804
0.9500000000000001;-1.1995342371124815;-2.9259387577314637
0.96;-1.4854157379479769;-2.791691258978441
0.97;-1.756480124190475;-2.629596465871519
0.98;-2.010023511687931;-2.4412712840775987
0.99;-2.2435167893431136;-2.228594269026047
1.0;-2.4546308471544744;-1.9936868872011677
1.01;-2.6412598092336212;-1.7388923543817632
1.02;-2.801542040048592;-1.4667522619176527
1.03;-2.93387871435435;-1.1799812241975058
1.04;-3.036949765574279;-0.8814398002010745
1.05;-3.109727053546585;-0.5741059592450313
1.06;-3.1514846202865052;-0.2610453755533768
1.07;-3.161805931462471;0.05461915203407197
1.08;-3.140588031352028;0.3697388501747969
1.09;-3.088042569831589;0.6811703802339778
1.1;-3.004693691155724;0.9858071932833435
1.11;-2.8913728055855366;1.2806105181204066
1.12;-2.7492102960194833;1.5626396732006576
1.1300000000000001;-2.579624242353485;1.829081400119306
1.1400000000000001;-2.384306276045557;2.077277926039258
1.1500000000000001;-2.165204705986551;2.304753475140864
1.16;-1.9245050839975049;2.509238964640067
1.17;-1.6646084038139697;2.6886946390306408
1.18;-1.3881071510238114;2.8413304167725304
1.19;-1.0977594428618445;2.9656237464668136
1.2;-0.7964615158184625;3.0603347944008292
1.21;-0.4872188355000832;3.1245188119667566
1.22;-0.17311611692235152;3.1575355595878785
1.23;0.14271344571445607;3.1590556931482734
1.24;0.457119432832915;3.1290640492209048
1.25;0.7669656251101479;3.0678597963237517
1.26;1.069161287461095;2.97605345069519
1.27;1.3606919993136772;2.8545607863564513
1.28;1.6386497236419335;2.704593700208671
1.29;1.9002618148166543;2.527648123285742
1.3;2.142918675918391;2.32548909874899
1.31;2.3641997896294207;2.1001331754715995
1.32;2.561897863044895;1.853828292837884
1.33;2.7340408455571787;1.5890313574077806
1.34;2.878911600183605;1.3083837351207415
1.35;2.9950650321149332;1.0146849035058148
1.36;3.0813425036261624;0.7108645267187601
1.37;3.136883391560073;0.3999532319594484
1.3800000000000001;3.161133672096876;0.08505237877660099
1.3900000000000001;3.1538514471763532;-0.2306968771870605
1.4000000000000001;3.1151093574460913;-0.5441449174181827
1.41;3.045293857666492;-0.8521650781738119
1.42;2.9451013618004436;-1.1516848391471588
1.43;2.8155312962406254;-1.4397164720492124
1.44;2.6578761304689307;-1.7133868433846902
1.45;2.4737084845928075;-1.9699660741377771
1.46;2.264865442361644;-2.2068947704855
1.47;2.0334302261418356;-2.421809553910674
1.48;1.7817114166438044;-2.612566636049956
1.49;1.5122199246854857;-2.7772632031164206
1.5;1.227643944700379;-2.914256396585714
1.51;0.9308221398304806;-3.0221797008122575
1.52;0.6247153260844676;-3.0999565741080053
1.53;0.3123769380134223;-3.1468111873129
1.54;-0.003077429489178274;-3.1622761627391127
1.55;-0.3185010994407647;-3.1461972362926156
1.56;-0.6307477010687526;-3.09873479626714
1.57;-0.9367025550551569;-3.020362283460945
1.58;-1.2333137426569711;-2.9118614685753386
1.59;-1.517622548785898;-2.7743146540031955
1.6;-1.7867929753758136;-2.60909387779511
1.61;-2.0381400306402844;-2.4178472274943053
1.62;-2.2691565120330317;-2.2024824003606396
1.6300000000000001;-2.4775380157496394;-1.9651476739715061
1.6400000000000001;-2.661205923299168;-1.708210477019066
1.6500000000000001;-2.8183281358531937;-1.4342337740614481
1.6600000000000001;-2.9473373495458413;-1.1459504997914967
1.67;-3.0469466894275574;-0.8462362978428267
1.68;-3.1161625461229643;-0.5380808360653008
1.69;-3.154294487146321;-0.2245579844018365
1.7;-3.160962144008618;0.09120484715591043
1.71;-3.136099006416963;0.4060579046771895
1.72;-3.079953085718905;0.7168605092839829
1.73;-2.9930844409737754;1.0205123856186171
1.74;-2.876359592328658;1.313984587283739
1.75;-2.730942877425898;1.5943497107714668
1.76;-2.5582848370625304;1.8588110964958884
1.77;-2.3601077459553967;2.104730725646785
1.78;-2.1383884329434713;2.3296555345917285
1.79;-1.8953385619969474;2.5313418843387496
1.8;-1.633382570731252;2.70777794097516
1.81;-1.3551334864906812;2.857203743836257
1.82;-1.0633668612377347;2.978128761222678
1.83;-0.7609930852492495;3.0693467585470273
1.84;-0.4510283557919438;3.1299478305990873
1.85;-0.1365645903666386;3.159327477907017
1.86;0.17926141536157575;3.1571926366572702
1.87;0.4932992772956597;3.123564602024409
1.8800000000000001;0.8024164481844005;3.058778815750406
1.8900000000000001;1.1035294649765388;2.9634815200923597
1.9000000000000001;1.3936347065569412;2.838623311515686
1.9100000000000001;1.6698383550544813;2.6854496584351146
1.92;1.9293852618557175;2.505488477589605
1.93;2.1696864303840786;2.3005348929776157
1.94;2.388344841502125;2.0726333293833057
1.95;2.5831793639268827;1.8240571191118553
1.96;2.7522465111503758;1.5572858253579926
1.97;2.8938598278387024;1.274980508408539
1.98;3.006606712329137;0.9799571814001473
1.99;3.08936250741978;0.6751587204127015
2.0;3.1413017188952628;0.36362550909694946
2.0100000000000002;3.161906249883012;0.048465110658035715
2.02;3.150970568901854;-0.2671787302812076
2.0300000000000002;3.1086037600513503;-0.5801574467288679
2.04;3.0352284348911076;-0.8873490564759909
2.05;2.9315765168641206;-1.1856893040637524
2.06;2.7986819403147987;-1.4722022269226984
2.07;2.6378703369294185;-1.7440298407849095
2.08;2.4507458124774106;-1.9984606482552512
2.09;2.239174945756301;-2.2329566861669368
2.1;2.005268169351837;-2.445178841922344
2.11;1.7513587179413699;-2.6330101862870046
2.12;1.4799793541324848;-2.7945770898906974
2.13;1.1938371039980886;-2.928267912797226
2.14;0.8957862543225644;-3.032749080713259
2.15;0.5887998809131493;-3.106978387475045
2.16;0.2759401919834034;-3.150215391119873
2.17;-0.03967201756463079;-3.162028799840812
2.18;-0.3548884962641401;-3.1423007741493736
2.19;-0.6665649400881967;-3.091228102331757
2.2;-0.9715923570784558;-3.0093202374734243
2.21;-1.2669280797337679;-2.897394215632813
2.22;-1.5496261158081943;-2.756566505855715
2.23;-1.816866534767327;-2.5882418733269392
2.24;-2.065983596771175;-2.3940993667500146
2.25;-2.2944923435952607;-2.176075569731693
2.2600000000000002;-2.5001133862438323;-1.9363452832397385
2.27;-2.6807956419972037;-1.6772998318276868
2.2800000000000002;-2.834736794089755;-1.401523210023339
2.29;-2.9604012699320346;-1.1117663068222496
2.3000000000000003;-3.056535558543072;-0.8109194653984946
2.31;-3.122180714400563;-0.5019836517513129
2.32;-3.1566819229822376;-0.1880405198821729
2.33;-3.1596950325815456;0.12777832789601626
2.34;-3.1311899872423847;0.44232257888721277
2.35;-3.0714511265691353;0.7524546345777887
2.36;-2.9810743494213803;1.0550809083773145
2.37;-2.860961169785632;1.3471826843376653
2.38;-2.712309724117109;1.6258462290328024
2.39;-2.5366028198539015;1.888291856231353
2.4;-2.3355931443203306;2.131901654440065
2.41;-2.1112857815616195;2.3542456007341626
2.42;-1.8659182115055355;2.5531058003875207
2.43;-1.6019379909606182;2.7264986105108284
2.44;-1.3219783390844229;2.872694427013081
2.45;-1.0288318708582582;2.9902349375102153
2.46;-0.7254227405786444;3.0779476680820603
2.47;-0.4147774732359021;3.134957678772788
2.48;-0.09999477473868684;3.160696291171518
2.49;0.21578537787063512;3.154906761014921
2.5;0.5294130578827438;3.117646839227252
2.5100000000000002;0.8377598096366705;3.049288195851281
2.52;1.1377498550600569;2.950512712616445
2.5300000000000002;1.4263907747471833;2.8223056811260836
2.54;1.700803357529101;2.66594597451227
2.5500000000000003;1.958250320784544;2.4829932905965877
2.56;2.1961636150047297;2.275272593807124
2.57;2.412170040247312;2.044855911044522
2.58;2.6041149189537616;1.7940416630844684
2.59;2.7700835889923434;1.5253317376871633
2.6;2.9084205025322483;1.2414065331109339
2.61;3.0177457402364203;0.9450982209725006
2.62;3.096968776042972;0.6393624951585312
2.63;3.1452993552306414;0.3272490885948506
2.64;3.162255377258903;0.011871351970373423
2.65;3.1476677047509156;-0.3036248021301175
2.66;3.1016818506494035;-0.6160922799001334
2.67;3.024756526715977;-0.9224141987684025
2.68;2.9176590678527154;-1.2195349784968372
2.69;2.7814577778886784;-1.504490820783907
2.7;2.6175112731826093;-1.7744392733374714
2.71;2.4274549303400557;-2.026687583513605
2.72;2.213184573229771;-2.2587195586920963
2.73;1.9768375620224308;-2.4682206654547065
2.74;1.72077147288968;-2.6531011172003125
2.75;1.4475405810348376;-2.8115167198965385
2.7600000000000002;1.1598703816385005;-2.9418872680302055
2.77;0.8606304028741982;-3.0429123072558406
2.7800000000000002;0.5528055821859639;-3.1135841065088488
2.79;0.239466491351236;-3.153197710185709
2.8000000000000003;-0.07626129266405285;-3.1613579701200685
2.81;-0.3912283655305731;-3.1379834872103376
2.82;-0.7022929110601301;-3.083307423380803
2.83;-1.0063520410180151;-2.9978751757768958
2.84;-1.3003727466265933;-2.8825389363946656
2.85;-1.581422153016951;-2.7384491914124887
2.86;-1.8466967748385612;-2.567043245019713
2.87;-2.093550481200435;-2.3700308822177636
2.88;-2.3195208909917313;-2.1493773136081553
2.89;-2.5223539352868505;-1.9072835722942265
2.9;-2.7000263418234978;-1.6461645584387092
2.91;-2.850765817269636;-1.3686249504840529
2.92;-2.9730687259599677;-1.077433223322573
2.93;-3.0657150887554367;-0.7754940325868027
2.94;-3.1277807524112005;-0.46581924052847085
2.95;-3.158646608062863;-0.1514978725047677
2.96;-3.1580047668759925;0.1643346962421751
2.97;-3.125861631256444;0.4785280161487969
2.98;-3.0625378309859586;0.7879479892609171
2.99;-2.9686650249201016;1.0895081320562203
3.0;-2.8451796001518;1.3802003633098154
3.0100000000000002;-2.6933133314917104;1.657125009891991
3.02;-2.514581094437688;1.917519731188461
3.0300000000000002;-2.310765754197255;2.1587870736202084
3.04;-2.083900381496001;2.378520380404871
3.0500000000000003;-1.836247972570348;2.5745277981081887
3.06;-1.5702788756390058;2.744854140518657
3.0700000000000003;-1.288646149025479;2.8878003917518815
3.08;-0.9941590967358876;3.00194065403995
3.09;-0.6897552454763621;3.0861363711505625
3.1;-0.37847104264101245;3.1395476855564315
3.11;-0.06341156755986715;3.1616418160664757
3.12;0.25228044186102755;3.152198372351418
3.13;0.5654559381461515;3.1113115533510594
3.14;0.8729909761954036;3.039389207633982
3.15;1.1718178748312353;2.93714876508265
3.16;1.4589558171096484;2.8056100804856063
3.17;1.7315405841550473;2.646085260422372
3.18;1.9868531259220918;2.460165574918515
3.19;2.222346683889415;2.24970558442794
3.2;2.435672195134649;2.016804640476737
3.21;2.624701724383528;1.7637859445008282
3.22;2.7875496902969097;1.4931733737668065
3.23;2.9225916742621925;1.2076663055388515
3.24;3.028480624070247;0.9101126906222297
3.25;3.104160290845182;0.6034806448764584
3.2600000000000002;3.1488757651927335;0.2908288420745626
3.27;3.162181007468537;-0.024723996558500883
3.2800000000000002;3.143943297051387;-0.34003021178449705
3.29;3.09434455623971;-0.651944604449052
3.3000000000000003;3.0138795355652923;-0.9573558090393022
3.31;2.903350878625884;-1.2532173297488611
3.3200000000000003;2.7638611156652706;-1.536577929463419
3.33;2.5968016657653523;-1.8046110685349501
3.34;2.403838957354059;-2.054643099690921
3.35;2.1868978054778876;-2.2841799378325183
3.36;1.948142211651812;-2.4909319386890036
3.37;1.689953777809259;-2.6728367381620575
3.38;1.4149079496743444;-2.8280798245362377
3.39;1.1257483265302093;-2.9551126383464656
3.4;0.8253592936451246;-3.0526680193552327
3.41;0.5167372503496146;-3.11977284655497
3.42;0.20296072076632782;-3.1557577451107672
3.43;-0.11284035466001471;-3.160263763416083
3.44;-0.42751584051368874;-3.133245953657398
3.45;-0.7379268292051315;-3.0749738201714574
3.46;-1.04097695176984;-2.986028631122709
3.47;-1.3336432643418317;-2.8672976203171254
3.48;-1.613006402207172;-2.7199651369896753
3.49;-1.8762797006489993;-2.545500831846867
3.5;-2.120836992101809;-2.3456449972093267
3.5100000000000002;-2.344238802336646;-2.1223912074874045
3.52;-2.5442566843686234;-1.8779664331521415
3.5300000000000002;-2.7188954473545297;-1.614808826565984
3.54;-2.866413058745877;-1.3355434012609637
3.5500000000000003;-2.9853380211721787;-1.042955847265061
3.56;-3.0744840507189575;-0.7399647436705044
3.5700000000000003;-3.1329619101837514;-0.429592445625369
3.58;-3.1601882792726474;-0.11493493615254907
3.59;-3.15589157325658;0.20086905647391226
3.6;-3.120114652045933;0.5146693677390379
3.61;-3.053214392660264;0.8233358199743478
3.62;-2.955858129357784;1.1237894460752504
3.63;-2.8290169969345285;1.4130332023898662
3.64;-2.6739562435942203;1.6881818644163038
3.65;-2.4922226100185583;1.9464908070969429
3.66;-2.285628900532487;2.1853833826244955
3.67;-2.056235900268036;2.4024766226645218
3.68;-1.806331818704154;2.5956050086131315
3.69;-1.5384094646344944;2.762842072780064
3.7;-1.2551413802442912;2.9025196150240036
3.71;-0.9593531823354418;3.0132443431529907
3.72;-0.6539953766227473;3.0939117711009003
3.73;-0.34211392625546183;3.1437172362448114
3.74;-0.02681986814497961;3.1621639259648338
3.75;0.28874171982231045;3.1490678333809674
3.7600000000000002;0.601423091133019;3.1045595928332013
3.77;0.9081052296144705;3.0290831767958273
3.7800000000000002;1.2057289618154785;2.92339146722433
3.79;1.4913254724522422;2.7885387455109445
3.8000000000000003;1.7620459185258914;2.6258701759620378
3.81;2.015189846709008;2.437008387700293
3.8200000000000003;2.2482321305359254;2.2238372888380464
3.83;2.458848158696649;1.9884832743764178
3.84;2.6449370231796;1.7332940152826055
3.85;2.804642475960012;1.460815040325625
3.86;2.9363714451897005;1.1737643442681396
3.87;3.0388099261880703;0.8750052756992511
3.88;3.110936088720724;0.5675179749538115
3.89;3.152030469819754;0.2543696470267877
3.9;3.1616831504717045;-0.06131603398778518
3.91;3.139797844585284;-0.37639008374063454
3.92;3.0865928594511303;-0.6877096189424552
3.93;3.002598918112975;-0.9921692078206605
3.94;2.8886538653721963;-1.2867318469949192
3.95;2.7458943102336897;-1.5684592557752137
3.96;2.575744288160184;-1.8345411856949077
3.97;2.379901056229719;-2.082323452914403
3.98;2.160318162890478;-2.3093344138704133
3.99;1.9191859611932276;-2.513309620074599
4.0;1.658909759883077;-2.692214406128414
4.01;1.3820858302947912;-2.8442641856373077
4.0200000000000005;1.0914755083843626;-2.9679422525712655
4.03;0.7899776502306983;-3.062014910502019
4.04;0.4805997157655059;-3.1255437788018297
4.05;0.16642776917297675;-3.157895153048754
4.0600000000000005;-0.14940430479284897;-3.1587463262677606
4.07;-0.46374606150388326;-3.1280888079529245
4.08;-0.7734619223395671;-3.0662284087607525
4.09;-1.0754624522790959;-2.97378219002982
4.1;-1.3667351772083594;-2.851672308555447
4.11;-1.6443746335370408;-2.7011168180181775
4.12;-1.9056113503790684;-2.5236175188223724
4.13;-2.147839475197365;-2.320944977543551
4.14;-2.368642767345363;-2.095120865416415
4.15;-2.565818700218096;-1.8483977920382424
4.16;-2.7374004315923943;-1.583236835447718
4.17;-2.8816764230006835;-1.3022829927180641
4.18;-2.9972075124339037;-1.008338795946335
4.19;-3.0828412700722723;-0.7043363568210262
4.2;-3.1377234938445833;-0.39330811862518356
4.21;-3.161306730147123;-0.0783566074255983
4.22;-3.1533557347274965;0.23737651581813268
4.23;-3.113949819260713;0.5507417935175432
4.24;-3.0434820602102812;0.8586133874910928
4.25;-2.9426553778659814;1.157920259394906
4.26;-2.8124755246701505;1.4456768045217125
4.2700000000000005;-2.6542410527743683;1.7190126333939386
4.28;-2.469530360900787;1.9752012040776965
4.29;-2.2601859497164742;2.2116870196085596
4.3;-2.0282960427743912;2.426111119233103
4.3100000000000005;-1.7761737563532622;2.616334609189486
4.32;-1.5063340259784843;2.780459998306074
4.33;-1.2214685197834723;2.9168501255941717
4.34;-0.924418788952216;3.0241444910309565
4.3500000000000005;-0.6181479230690672;3.101272826632021
4.36;-0.30571099311540395;3.1474657724412447
4.37;0.009775423053874355;3.1622625509443214
4.38;0.32516432876874996;3.145515563353191
4.39;0.6373097000320671;3.0973918619131506
4.4;0.9430978673050394;3.0183714835462956
4.41;1.239478574555019;2.909242661453293
4.42;1.5234954057495869;2.7710939624380626
4.43;1.7923152752907923;2.605303428386044
4.44;2.0432566882206182;2.413524830210474
4.45;2.2738164883003633;2.197671171384425
4.46;2.4816948271501795;1.959895605611898
4.47;2.6648181053800437;1.7025699589853869
4.48;2.82135965687295;1.4282610708727372
4.49;2.9497579698933083;1.1397051895344243
4.5;3.048732263263858;0.8397806778765662
4.51;3.1172952622377608;0.5314793016014854
4.5200000000000005;3.154763046625751;0.2178763861583098
4.53;3.1607618729426608;-0.09789985982011079
4.54;3.1352319025219884;-0.41269954859334324
4.55;3.0784277984103237;-0.7233825336399589
4.5600000000000005;2.9909161850875834;-1.0268497328148543
4.57;2.873569996352498;-1.3200740418868584
4.58;2.7275597677535472;-1.6001305300921609
4.59;2.5543419604238875;-1.8642256165010327
4.6000000000000005;2.355644432790748;-2.1097249361617645
4.61;2.133449205079895;-2.334179618055297
4.62;1.8899726885403152;-2.5353507127363075
4.63;1.6276435766038242;-2.7112315259935147
4.64;1.3490786185166717;-2.8600676357495396
4.65;1.0570565171026693;-2.980374392530507
4.66;0.7544902110292888;-3.0709517289371053
4.67;0.44439781806284806;-3.1308961303917124
4.68;0.12987252915563063;-3.1596096477526365
4.69;-0.1859482463267053;-3.156805861894083
4.7;-0.49991417645914904;-3.1225127407547904
4.71;-0.8088934315146935;-3.0570723603560985
4.72;-1.109803924161114;-2.9611374925723086
4.73;-1.3996440534742565;-2.8356650936905403
4.74;-1.675522646094389;-2.681906758712108
4.75;-1.9346877958607123;-2.501396236614353
4.76;-2.174554314246879;-2.295934131108974
4.7700000000000005;-2.392729517777715;-2.0675699395077443
4.78;-2.5870370951960555;-1.8185816088590558
4.79;-2.755538816303213;-1.5514528132840926
4.8;-2.8965538659260495;-1.2688481791726296
4.8100000000000005;-3.0086756101531145;-0.9735867053686715
4.82;-3.09078562759561;-0.6686136434812353
4.83;-3.1420648657104686;-0.3569711188159314
4.84;-3.1620018109005343;-0.04176778498538125
4.8500000000000005;-3.1503975908945847;0.2738521851043747
4.86;-3.1073679585106344;0.5867404625746357
4.87;-3.0333421370143587;0.8937759673508855
4.88;-2.929058538590259;1.1918960011311164
4.89;-2.7955573986340867;1.4781267979923338
4.9;-2.634170399339918;1.7496131878910341
4.91;-2.446507386087247;2.0036470771623924
4.92;-2.2344403091329577;2.237694461923403
4.93;-2.0000845507908083;2.449420704919591
4.94;-1.74577782436097;2.63671382367718
4.95;-1.4740568552941147;2.7977055576599343
4.96;-1.187632077196894;2.930790004284485
4.97;-0.8893605950877341;3.034639637898717
4.98;-0.5822176855961528;3.1082185519329117
4.99;-0.26926711839288914;3.1507927921323637
5.0;0.04636940510357057;3.16193767779683
5.01;0.36154339089326154;3.141542037996989
5.0200000000000005;0.6731109588186807;3.089809320511392
5.03;0.9779642029653598;3.00725556242219
5.04;1.2730621932171227;2.894704242613066
5.05;1.5554613087235776;2.753278067516031
5.0600000000000005;1.8223446007016177;2.584387772044771
5.07;2.071049891675153;2.389718047425933
5.08;2.2990963308614054;2.1712107362991055
5.09;2.504209140812132;1.9310454627154288
5.1000000000000005;2.6843423084604936;1.6716178902517977
5.11;2.83769899422895;1.3955158251173256
5.12;2.9627494556160703;1.1054934026250747
5.13;3.0582463064733547;0.8044436145206035
5.14;3.1232369597598324;0.4953694512089442
5.15;3.1570731296571846;0.1813539467380934
5.16;3.1594172982611983;-0.13447057465782572
5.17;3.1302460823439033;-0.44895374368808083
5.18;3.069850466602729;-0.7589585711354125
5.19;2.9788329010700063;-1.0613927395190492
5.2;2.858101291636336;-1.3532394491543664
5.21;2.708859943632727;-1.6315875109178197
5.22;2.532597548809839;-1.893660385539948
5.23;2.3310723355449574;-2.136843879757688
5.24;2.1062945304043157;-2.358712223055152
5.25;1.8605063060077702;-2.557052264875756
5.26;1.5961594152171326;-2.7298855509370012
5.2700000000000005;1.3158907347485185;-2.875488058435284
5.28;1.022495962162712;-2.9924073932808457
5.29;0.7189017286077016;-3.079477277819367
5.3;0.40813640549051944;-3.1358291845242783
5.3100000000000005;0.0932998962836562;-3.1609009996129873
5.32;-0.22246728520533834;-3.1544426301669035
5.33;-0.5360153416548782;-3.116518498823893
5.34;-0.8442166116539953;-3.0475069011584495
5.3500000000000005;-1.1439967683199055;-2.948096232159755
5.36;-1.4323654859003305;-2.819278119448743
5.37;-1.7064462684593058;-2.6623375317307616
5.38;-1.9635051431034751;-2.4788399611526226
5.39;-2.2009779315321487;-2.2706158074208416
5.4;-2.4164958278757136;-2.039742119450449
5.41;-2.607909027681865;-1.7885218766725703
5.42;-2.773308172349045;-1.5194610166710252
5.43;-2.9110433950975314;-1.2352434382986965
5.44;-3.019740778493424;-0.9387042296191488
5.45;-3.098316059360704;-0.6328013877264425
5.46;-3.145985444374012;-0.3205863125397067
5.47;-3.162273428445933;-0.005173368898709452
5.48;-3.1470175379198895;0.3102911794195816
5.49;-3.100369951254994;0.6226605538783259
5.5;-3.0227959810364333;0.9288188504928974
5.51;-2.915069432453419;1.22571212116739
5.5200000000000005;-2.7782648845441864;1.5103788370172704
5.53;-2.613746971203091;1.7799794298046343
5.54;-2.423156768872439;2.031824616808411
5.55;-2.2083954267026606;2.263402226587166
5.5600000000000005;-1.9716052024710102;2.47240225804585
5.57;-1.7151480934266812;2.656739922840735
5.58;-1.4415822752209886;2.8145764412731187
5.59;-1.15363658394576;2.9443373842314564
5.6000000000000005;-0.8541832958231921;3.0447283782199044
5.61;-0.5462094760714651;3.1147480168146378
5.62;-0.23278718274296528;3.1536978497553596
5.63;0.08295717724631232;3.1611893500301926
5.64;0.3978740342206642;3.137147789456844
5.65;0.7088220728985506;3.0818129841008832
5.66;1.0126995672083716;2.9957369020955373
5.67;1.306475320199406;2.8797781577251484
5.68;1.5872189004203714;2.73509344669416
5.69;1.852129873155847;2.5631260080153493
5.7;2.09856573493715;2.3655912276107
5.71;2.3240682726791793;2.1444595272298836
5.72;2.526388084509197;1.9019367093704649
5.73;2.7035070176907436;1.640441954260468
5.74;2.8536582998230062;1.3625836883847806
5.75;2.975344162505663;1.0711335652683471
5.76;3.0673507816720536;0.7689988180594614
5.7700000000000005;3.12876038555992;0.4591932596978628
5.78;3.158960409541952;0.14480721994276924
5.79;3.157649606496134;-0.17102328085913504
5.8;3.124841051764569;-0.4851478137721702
5.8100000000000005;3.0608620127261257;-0.794432966996705
5.82;2.9663506842839302;-1.0957936018472079
5.83;2.8422498228314215;-1.3862236272029755
5.84;2.689797342198549;-1.6628259854544742
5.8500000000000005;2.510513965384145;-1.922841550833609
5.86;2.306188055249201;-2.1636766518652766
5.87;2.0788577754858357;-2.3829289434020287
5.88;1.8307907598073998;-2.578411370166691
5.89;1.5644614921608102;-2.748173982765102
5.9;1.2825266235949107;-2.8905233885528885
5.91;0.9877984720006331;-3.004039643332666
5.92;0.6832169690647032;-3.087590415385933
5.93;0.3718203342677788;-3.140342280552557
5.94;0.056714768455714326;-3.1617690356887325
5.95;-0.2589565307075294;-3.151656947576142
5.96;-0.5720447223325434;-3.110106884924139
5.97;-0.8794267321886544;-3.037533312198079
5.98;-1.1780364055640806;-2.9346601553104428
5.99;-1.4648950923503388;-2.802513580414722
6.0;-1.7371413592627785;-2.6424117578340662
6.01;-1.9920595328159885;-2.4559517132301285
6.0200000000000005;-2.2271067883361213;-2.244993397172523
6.03;-2.4399385147955446;-2.01164113201594
6.04;-2.628431702454015;-1.758222621153462
6.05;-2.7907061200131933;-1.4872657300301018
6.0600000000000005;-2.925143070041068;-1.201473270527389
6.07;-3.030401535579755;-0.9036960402463479
6.08;-3.1054315568732576;-0.5969043856236973
6.09;-3.1494847047814907;-0.28415857254095994
6.1000000000000005;-3.1621215464076142;0.03142174001849529
6.11;-3.1432160284685744;0.3466886187623047
6.12;-3.0929567346844613;0.6584972569199565
6.13;-3.0118450046441443;0.9637373438863868
6.140000000000001;-2.9006899329116163;1.259364090764175
6.15;-2.760600298257277;1.54242860232262
6.16;-2.5929735035205703;1.8101072924115122
6.17;-2.399481636429544;2.0597300494090183
6.18;-2.182054790421515;2.2888068707515714
6.19;-1.9428618118407024;2.4950527008646826
6.2;-1.6842886655607305;2.6764102247347545
6.21;-1.4089146348362627;2.831070389754604
6.22;-1.1194865927917323;2.957490451136004
6.23;-0.8188916021906759;3.0544093608851246
6.24;-0.5101281168046752;3.1208603468348923
6.25;-0.19627607165004923;3.1561805562576284
6.26;0.11953383955594887;3.1600176678623337
6.2700000000000005;0.43415139326014207;3.1323334062215293
6.28;0.7444382597497703;3.0734039235710338
6.29;1.0472993081870317;2.983817045174194
6.3;1.3397134807321534;2.8644664057282347
6.3100000000000005;1.6187639277836872;2.716542535302443
6.32;1.8816671037351345;2.5415209837265023
6.33;2.1258005330159073;2.3411476018889505
6.34;2.3487289694486413;2.1174211267657235
6.3500000000000005;2.548228687981638;1.8725732438942098
6.36;2.7223096664848927;1.6090463261708834
6.37;2.869235436344907;1.3294690710293935
6.38;2.987540403847366;1.0366302790197799
6.390000000000001;3.076044469565811;0.7334510353491213
6.4;3.1338647999269913;0.4229555718744812
6.41;3.1604246335307953;0.10824110020159189
6.42;3.155459034381175;-0.20755308319400662
6.43;3.1190175346392235;-0.5212769116450265
6.44;3.051463640536781;-0.8298009704038267
6.45;2.953471206379109;-1.1300477127496213
6.46;2.8260177128061836;-1.4190221587088863
6.47;2.6703745163623736;-1.6938417701673143
6.48;2.4880941676356474;-1.9517652043672156
6.49;2.2809949244686654;-2.190219658972431
6.5;2.0511426147234424;-2.4068265359320367
6.51;1.8008300295196313;-2.5994251681441907
6.5200000000000005;1.532554052500163;-2.7660943722451803
6.53;1.2489907532612416;-2.9051716125332505
6.54;0.9529686933912853;-3.015269584865877
6.55;0.6474407113927376;-3.095290055105078
6.5600000000000005;0.3354544679339132;-3.144434814071411
6.57;0.02012204524382777;-3.1622136397302985
6.58;-0.2954110961020565;-3.148449187187387
6.59;-0.6079974933471722;-3.1032787577149263
6.6000000000000005;-0.9145190776910693;-3.0271529291630146
6.61;-1.211918277220093;-2.9208310614174566
6.62;-1.4972285163778438;-2.7853737217375603
6.63;-1.767603807741302;-2.622132105531603
6.640000000000001;-2.0203471409228024;-2.432734558098398
6.65;-2.252937385416794;-2.2190703317814187
6.66;-2.4630544390338094;-1.9832707405588887
6.67;-2.648602371064453;-1.7276879000539758
6.68;-2.8077303293188924;-1.4548712650348086
6.69;-2.9388510024928443;-1.1675421984442218
6.7;-3.040656453696793;-0.86856682563474
6.71;-3.112131167208005;-0.5609274445895002
6.72;-3.152562178303177;-0.24769277731394113
6.73;-3.1615461851259985;0.06801264085751765
6.74;-3.1389935716483115;0.38303962869623315
6.75;-3.085129301595579;0.6942457723584277
6.76;-3.0004906744196984;0.9985267711591916
6.7700000000000005;-2.8859219657034716;1.29284740316535
6.78;-2.7425660054590306;1.5742718017234751
6.79;-2.571852778327218;1.8399927409127876
6.8;-2.3754851593916424;2.087359637798731
6.8100000000000005;-2.1554219278935562;2.3139049921629913
6.82;-1.9138582282868064;2.5173689999720095
6.83;-1.6532036735350508;2.6957220950631027
6.84;-1.3760583090722225;2.8471851941934667
6.8500000000000005;-1.0851866771872272;2.970247443506439
6.86;-0.7834902405422597;3.063681289392914
6.87;-0.473978439901858;3.1265547234151203
6.88;-0.15973867477365722;3.158240579148896
6.890000000000001;0.15609449359418107;3.15842278820787
6.9;0.4703706096568405;3.127099533045319
6.91;0.7799547495633221;3.064583265084311
6.92;1.0817587922173018;2.97149758799528
6.93;1.3727722234775925;2.8487710372105357
6.94;1.6500921662243915;2.697627817725437
6.95;1.9109523367395256;2.519575592577241
6.96;2.1527506385590036;2.316390443812315
6.97;2.3730751185474688;2.0900991559569917
6.98;2.5697280262810964;1.8429589987155635
6.99;2.740747736745088;1.5774352105642544
7.0;2.884428317665487;1.296176407843726
7.01;2.9993365462899715;1.0019881646459532
7.0200000000000005;3.0843262058741567;0.6978050270377468
7.03;3.1385495192650836;0.3866612407807849
7.04;3.1614656055311716;0.07166048454097212
7.05;3.152845875283233;-0.24405508949974808
7.0600000000000005;3.1127763108678805;-0.5573361988073038
7.07;3.04165660868826;-0.8650578447851108
7.08;2.9401961922075097;-1.1641504848298994
7.09;2.8094071354054875;-1.4516306512105492
7.1000000000000005;2.650594067277725;-1.72463071134471
7.11;2.4653411580798603;-1.9804274726125894
7.12;2.255496317130575;-2.2164693463731115
7.13;2.023152759800935;-2.430401800219687
7.140000000000001;1.7706281275605629;-2.620090844587762
7.15;1.5004413693594865;-2.783644319433765
7.16;1.2152876149553231;-2.919430768649506
7.17;0.9180112908259195;-3.0260957139385685
7.18;0.6115777468379031;-3.1025751658217597
7.19;0.29904367669689014;-3.1481062369985
7.2;-0.01647337276279509;-3.162234752195205
7.21;-0.33182609930215323;-3.1448197785919576
7.22;-0.6438688398135597;-3.0960350316361724
7.23;-0.9494889485063772;-3.016367142220176
7.24;-1.245637845742772;-2.9066108025077186
7.25;-1.5293614278096628;-2.767860838830097
7.26;-1.79782953428743;-2.6015012907252424
7.2700000000000005;-2.0483641790765446;-2.409191605057044
7.28;-2.2784662634758677;-2.1928500829294233
7.29;-2.485840504848001;-1.9546347445132302
7.3;-2.6684183322066874;-1.696921802660496
7.3100000000000005;-2.824378520341367;-1.4222819600330934
7.32;-2.952165356652193;-1.1334547661834156
7.33;-3.050504159480204;-0.8333212903767958
7.34;-3.118413993136342;-0.5248753827459685
7.3500000000000005;-3.155217452796108;-0.211193810449346
7.36;-3.160547421654915;0.10459443327320517
7.37;-3.1343507329411047;0.4193393410030062
7.38;-3.076888700257807;0.7299013126629519
7.390000000000001;-2.988734510963459;1.0331824732240151
7.4;-2.8707675085921687;1.3261575742017966
7.41;-2.7241644213471408;1.6059041706987622
7.42;-2.550387624163488;1.8696317729742937
7.43;-2.3511705514270824;2.1147096817538222
7.44;-2.128500405858486;2.338693229618101
7.45;-1.8845983360419252;2.539348166713122
7.46;-1.621897280329684;2.714672947531702
7.47;-1.3430176981303639;2.862918696454705
7.48;-1.0507414306629101;2.9826066528943693
7.49;-0.7479839519170235;3.0725429220233664
7.5;-0.4377652866183485;3.131830383950135
7.51;-0.12317988529355522;3.1598776425457307
7.5200000000000005;0.19263424306658528;3.1564049246570796
7.53;0.5065268328425205;3.1214468708616248
7.54;0.8153667858818721;3.0553521899254057
7.55;1.1160734043987113;2.958780180411377
7.5600000000000005;1.4056471211260373;2.83269415413514
7.57;1.6811994201862706;2.6783518270695246
7.58;1.9399816502172145;2.4972927735493506
7.59;2.179412442340755;2.2913230689214523
7.6000000000000005;2.3971034594783527;2.062497273830497
7.61;2.590883220162301;1.8130979398484643
7.62;2.758818759198745;1.5456128408804122
7.63;2.8992349091159997;1.262710157464675
7.640000000000001;3.010731010064516;0.9672118615056494
7.65;3.0921948814862046;0.6620655669281135
7.66;3.1428139161848385;0.3503151270445614
7.67;3.162083186133499;0.03507027192864459
7.68;3.149810479163122;-0.28052441133618644
7.69;3.1061182162908687;-0.5933208461088859
7.7;3.031442230562846;-0.9001988684515716
7.71;2.9265274195923014;-1.1980973509593291
7.72;2.792420315159489;-1.4840447376969188
7.73;2.630458643991919;-1.7551886856544894
7.74;2.442257983856848;-2.008824517046928
7.75;2.2296956480723322;-2.2424221986433874
7.76;1.9948919591898384;-2.453651579006496
7.7700000000000005;1.740189098644603;-2.640405631898218
7.78;1.4681277433497952;-2.8008214739979382
7.79;1.1814217222859122;-2.9332989472797237
7.8;0.8829309458875065;-3.036516580688395
7.8100000000000005;0.5756328782583026;-3.1094447718956855
7.82;0.2625928367811355;-3.1513560576476576
7.83;-0.05306658461404801;-3.161832370256012
7.84;-0.36819666351931585;-3.140769207849344
7.8500000000000005;-0.6796539577510743;-3.088376676785825
7.86;-0.9843316613818245;-3.0051773958291803
7.87;-1.2791905953229805;-2.8920012829939403
7.88;-1.5612895233257529;-2.749977277061504
7.890000000000001;-1.8278144909960987;-2.580522076345411
7.9;-2.0761068951652364;-2.3853260070373445
7.91;-2.3036900036220027;-2.166336162097983
7.92;-2.5082936606710686;-1.9257369788833296
7.930000000000001;-2.6878769320775304;-1.6659284492459
7.94;-2.840648463513144;-1.3895021794663664
7.95;-2.9650843494274297;-1.0992155388193379
7.96;-3.0599433341005438;-0.7979641546429393
7.97;-3.124279193246471;-0.4887530282755887
7.98;-3.157450172659266;-0.17466655998030195
7.99;-3.15912538975127;0.1411622181402248
8.0;-3.1292881341275507;0.4555828943341659
8.01;-3.0682360342731325;0.7654591027542001
8.02;-2.9765780886903044;1.0676998089023721
8.03;-2.85522859110059;1.3592901428919169
8.040000000000001;-2.705398010307878;1.6373214729623404
8.05;-2.528580915696633;1.8990204192625662
8.06;-2.3265410688091124;2.1417765184878537
8.07;-2.1012938297140193;2.36316826341401
8.08;-1.855086053664173;2.5609872575829202
8.09;-1.5903736785752824;2.733260244194893
8.1;-1.3097972268921247;2.878268789468264
8.11;-1.016155466212537;2.9945664241234975
8.120000000000001;-0.7123774914061407;3.0809930720044316
8.13;-0.4014935067104063;3.1366866219102594
8.14;-0.08660459925446817;3.1610915272085034
8.15;0.22914819447832252;3.1539643474473107
8.16;0.542615220685145;3.1153761766891375
8.17;0.850669626236754;3.0457119343430428
8.18;1.1502385492323854;2.9456665255695857
8.19;1.4383337709887913;2.8162379095585273
8.2;1.7120815237079026;2.658717144823693
8.21;1.9687511564897777;2.474675510813809
8.22;2.2057823737455706;2.265948834302042
8.23;2.420810774305647;2.0346191768994815
8.24;2.6116914364686594;1.7829940663607662
8.25;2.7765203137292414;1.5135834788508713
8.26;2.913653227760604;1.229074801776379
8.27;3.0217222691958514;0.9323060269285564
8.28;3.0996494426091945;0.6262374413383041
8.290000000000001;3.1466574195875334;0.3139220982284677
8.3;3.1622772926298373;-0.001524637382400773
8.31;3.146353252528701;-0.31695616464032766
8.32;3.0990441425769046;-0.629226034395608
8.33;3.0208218740956627;-0.9352193352292364
8.34;2.9124667190897755;-1.2318837648885084
8.35;2.775059526985736;-1.516260077192284
8.36;2.6099709430913154;-1.7855116006961367
8.370000000000001;2.4188477363231655;-2.036952534666861
8.38;2.203596372584211;-2.2680747401122296
8.39;1.9663639976474092;-2.476572758623811
8.4;1.7095170192428026;-2.660366809468322
8.41;1.4356175019928812;-2.8176235355301062
8.42;1.1473976106582429;-2.9467742911626624
8.43;0.8477323566237718;-3.0465307895267633
8.44;0.5396109194808341;-3.1158979533319937
8.45;0.22610682977449637;-3.1541838407947607
8.46;-0.08965268965527776;-3.161006547800722
8.47;-0.4045179179164207;-3.1362980174221375
8.48;-0.7153480547270259;-3.0803047187899653
8.49;-1.01904255009397;-2.993585188548916
8.5;-1.3125720324923957;-2.877004459419598
8.51;-1.5930085270355359;-2.731725431443201
8.52;-1.8575546622067505;-2.559197271981087
8.53;-2.1035715738148055;-2.3611409601800095
8.540000000000001;-2.328605227828698;-2.1395321200978348
8.55;-2.53041089952011;-1.8965813137303946
8.56;-2.7069755647325175;-1.6347119905177636
8.57;-2.8565379799226562;-1.356536313285005
8.58;-2.9776062506746634;-1.0648291017551392
8.59;-3.068972713439891;-0.7625001535494116
8.6;-3.129725982056093;-0.4525652187746124
8.61;-3.1592600388812113;-0.13811591772774723
8.620000000000001;-3.1572802798571407;0.17771109820917036
8.63;-3.123806453203572;0.49176543486220603
8.64;-3.059172462428272;0.8009143806437983
8.65;-2.9640230356187747;1.1020741555461506
8.66;-2.839307294239514;1.392240672039065
8.67;-2.686269285586044;1.6685195010303429
8.68;-2.5064355733357053;1.9281547439764304
8.69;-2.301600009979774;2.1685565231422044
8.700000000000001;-2.0738058430330217;2.3873268157928442
8.71;-1.825325333512374;2.5822833746201144
8.72;-1.5586370899916027;2.7514814957953133
8.73;-1.2764013443262767;2.8932334175112073
8.74;-0.9814334156751524;3.006125155511279
8.75;-0.6766756275160466;3.089030607670839
8.76;-0.3651679577857083;3.1411227869359273
8.77;-0.05001771491037543;3.161882070570732
8.78;0.2656314577894999;3.151101383426776
8.790000000000001;0.5786309401373604;3.108888263530433
8.8;0.8858585427831025;3.03566378938441
8.81;1.1842496512364946;2.9321583796834303
8.82;1.4708277955877769;2.7994045073422167
8.83;1.7427343409805778;2.638726400513799
8.84;1.9972570026728242;2.4517268333311293
8.85;2.23185690124614;2.240271138135181
8.86;2.444193888086327;2.0064685986685578
8.870000000000001;2.632149888511688;1.7526514098386572
8.88;2.7938500297000246;1.4813514139280717
8.89;2.927681342661927;1.1952748453099744
8.9;3.0323088517070027;0.8972753355915282
8.91;3.106688890909614;0.5903254484606973
8.92;3.150079514741556;0.27748702817813886
8.93;3.162047899024954;-0.038119342510186616
8.94;3.142474658380422;-0.35334547038045544
8.950000000000001;3.091555037103667;-0.6650469551546598
8.96;3.009796961591463;-0.9701145550894164
8.97;2.8980159737441826;-1.2655052018561987
8.98;2.757327095884491;-1.5482723553376327
8.99;2.5891337083401664;-1.8155953955488657
9.0;2.395113550637835;-2.064807758497766
9.01;2.177201985946598;-2.293423535326988
9.02;1.937572695709758;-2.499162269409806
9.03;1.678615997036911;-2.67997170404714
9.040000000000001;1.4029149991417504;-2.834048253856073
9.05;1.1132198366666224;-2.959854995646492
9.06;0.8124202369180117;-3.056136999325724
9.07;0.5035166946565031;-3.12193384590445
9.08;0.18959054197448072;-3.1565892077359994
9.09;-0.12622678818359642;-3.159757395425544
9.1;-0.4407849982600417;-3.1314068061033624
9.11;-0.7509463504984817;-3.0718202386654365
9.120000000000001;-1.0536169660735952;-2.981592072836833
9.13;-1.3457776867252815;-2.8616223401968894
9.14;-1.6245141910505312;-2.713107746308099
9.15;-1.887046065041112;-2.5375297335035167
9.16;-2.1307545368866445;-2.3366397034071293
9.17;-2.3532085993866745;-2.1124415465934634
9.18;-2.5521892593990567;-1.8671716536541771
9.19;-2.7257116724348895;-1.60327660706248
9.200000000000001;-2.8720449416060356;-1.323388776360434
9.21;-2.9897293834294905;-1.0303000601086576
9.22;-3.07759108826113;-0.7269340365241266
9.23;-3.134753630117596;-0.4163168006051904
9.24;-3.160646809080121;-0.10154677864530459
9.25;-3.1550123390742657;0.21423617876241474
9.26;-3.117906424289615;0.5278821169306088
9.27;-3.0496991985394817;0.8362623980720638
9.28;-2.9510710331530445;1.1363009096566903
9.290000000000001;-2.8230057502289205;1.4250047488257886
9.3;-2.6667808089483986;1.6994940767846547
9.31;-2.483954562840461;1.9570308453740979
9.32;-2.2763507151081797;2.19504610927153
9.33;-2.0460401270755675;2.411165651380718
9.34;-1.795320161216765;2.6032336657953343
9.35;-1.5266917648221345;2.7693342620972796
9.36;-1.2428345228931186;2.907810576483042
9.370000000000001;-0.9465799291147945;3.017281299083438
9.38;-0.6408831415298393;3.09665445261567
9.39;-0.32879350465281565;3.145138284924803
9.4;-0.013424132068531991;3.1622491667608705
9.41;0.3020791470700513;3.147816416010795
9.42;0.6145691678837464;3.1019840002631054
9.43;0.920928822933015;3.0252091007222677
9.44;1.218102155559012;2.9182575517976668
9.450000000000001;1.5031248432417768;2.782196201857628
9.46;1.77315376690218;2.6183822713504306
9.47;2.0254953711919876;2.4284498144457225
9.48;2.257632532876389;2.214293419242304
9.49;2.4672496692951906;1.9780493091337252
9.5;2.6522558364442146;1.722074033846755
9.51;2.8108055862720995;1.4489209627109394
9.52;2.9413173751396644;1.1613148146403511
9.53;3.04248933981631;0.8621244788925526
9.540000000000001;3.1133122836469074;0.5543343977193919
9.55;3.1530797433513515;0.24101479636947892
9.56;3.1613950360398215;-0.07470894260007971
9.57;3.138175216149341;-0.38968745520953785
9.58;3.083651902830937;-0.7007788111585518
9.59;2.998368969534169;-1.0048798547768072
9.6;2.883177118835564;-1.298957159195294
9.61;2.7392253966273774;-1.580077284968441
9.620000000000001;2.567949730313182;-1.8454360413154691
9.63;2.3710586053424962;-2.092386458098253
9.64;2.1505160229619102;-2.3184651895134736
9.65;1.9085219091802077;-2.52141708612058
9.66;1.6474901703692761;-2.6992176900980547
9.67;1.3700246143975539;-2.8500934293363964
9.68;1.07889297748421;-2.972539308930485
9.69;0.7769993158578066;-3.0653339235975863
9.700000000000001;0.46735503761436753;-3.1275516412711952
9.71;0.15304886373387738;-3.1585718363386075
9.72;-0.16278398210405792;-3.158085080420099
9.73;-0.476993047571878;-3.1260962289363023
9.74;-0.7864440776524475;-3.0629243726750865
9.75;-1.0880502790282545;-2.9691996548410517
9.76;-1.378803111037196;-2.8458569853377798
9.77;-1.6558022960532481;-2.6941267149832577
9.78;-1.9162847499365996;-2.515522362683766
9.790000000000001;-2.157652143970209;-2.3118255179884257
9.8;-2.3774968233507496;-2.085068069622378
9.81;-2.573625823695372;-1.837511937270072
9.82;-2.7440827459981456;-1.5716265087853962
9.83;-2.88716727183211;-1.2900640078938834
9.84;-3.0014521241315895;-0.9956330380956986
9.85;-3.0857973043699056;-0.691270566670624
9.86;-3.139361464115754;-0.38001262824634113
9.870000000000001;-3.1616102975362583;-0.06496404016374058
9.88;-3.152321871130965;0.2507325682696206
9.89;-3.111588837532345;0.5639281037027861
9.9;-3.039817511290011;0.8714984211439039
9.91;-2.937723815857751;1.170375487501292
9.92;-2.8063261422124466;1.4575779854048019
9.93;-2.646935190340584;1.7302410520324534
9.94;-2.4611408949241773;1.9856448562956917
9.950000000000001;-2.25079656564319;2.2212417293240603
9.96;-2.018000400295936;2.4346815776210167
9.97;-1.7650745551452316;2.6238353253930753
9.98;-1.4945419812648988;2.786816152213582
9.99;-1.2091012579455147;2.921998314174103
10.0;-0.9115996741977463;3.0280333607812664
